nsec, read_slat_ns_count, read_slat_ns_cumulative, read_slat_ns_percentile, read_clat_ns_count, read_clat_ns_cumulative, read_clat_ns_percentile, read_lat_ns_count, read_lat_ns_cumulative, read_lat_ns_percentile, write_slat_ns_count, write_slat_ns_cumulative, write_slat_ns_percentile, write_clat_ns_count, write_clat_ns_cumulative, write_clat_ns_percentile, write_lat_ns_count, write_lat_ns_cumulative, write_lat_ns_percentile, trim_slat_ns_count, trim_slat_ns_cumulative, trim_slat_ns_percentile, trim_clat_ns_count, trim_clat_ns_cumulative, trim_clat_ns_percentile, trim_lat_ns_count, trim_lat_ns_cumulative, trim_lat_ns_percentile, 
708, , , , 1, 1, 5.809330679708537e-08, , , , , , , , , , , , , , , , , , , , , , 
716, , , , 1, 2, 1.1618661359417074e-07, , , , , , , , , , , , , , , , , , , , , , 
724, , , , 4, 6, 3.485598407825122e-07, , , , , , , , , , , , , , , , , , , , , , 
732, , , , 23, 29, 1.6847058971154756e-06, , , , , , , , , , , , , , , , , , , , , , 
740, , , , 83, 112, 6.506450361273561e-06, , , , , , , , , , , , , , , , , , , , , , 
748, , , , 214, 326, 1.893841801584983e-05, , , , , , , , , , , , , , , , , , , , , , 
756, , , , 821, 1147, 6.663302289625691e-05, , , , , , , , , , , , , , , , , , , , , , 
764, , , , 2589, 3736, 0.00021703659419391094, 2, 2, 1.1618661359417074e-07, , , , , , , , , , , , , , , , , , , 
772, , , , 5912, 9648, 0.0005604842239782796, 7, 9, 5.228397611737683e-07, , , , , , , , , , , , , , , , , , , 
780, , , , 9928, 19576, 0.0011372345738597431, 17, 26, 1.5104259767242195e-06, , , , , , , , , , , , , , , , , , , 
788, , , , 13510, 33086, 0.0019220751486883664, 68, 94, 5.4607708389260245e-06, , , , , , , , , , , , , , , , , , , 
796, , , , 16157, 49243, 0.002860688706608875, 175, 269, 1.5627099528415963e-05, , , , , , , , , , , , , , , , , , , 
804, , , , 22935, 72178, 0.004193058698000028, 572, 841, 4.8856471016348796e-05, , , , , , , , , , , , , , , , , , , 
812, , , , 34493, 106671, 0.006196871129351893, 1658, 2499, 0.00014517517368591634, , , , , , , , , , , , , , , , , , , 
820, , , , 55319, 161990, 0.009410534768059859, 4434, 6933, 0.00040276089602419283, , , , , , , , , , , , , , , , , , , 
828, , , , 82914, 244904, 0.014227283207833395, 8864, 15797, 0.0009176999674735575, , , , , , , , , , , , , , , , , , , 
836, , , , 106644, 351548, 0.020422585817901767, 12071, 27868, 0.001618944273821175, , , , , , , , , , , , , , , , , , , 
844, , , , 141875, 493423, 0.028664573719738254, 14015, 41883, 0.0024331219685823262, , , , , , , , , , , , , , , , , , , 
852, , , , 163224, 656647, 0.038146795628385716, 13531, 55414, 0.0032191825028536885, , , , , , , , , , , , , , , , , , , 
860, , , , 178445, 835092, 0.04851325575979161, 13255, 68669, 0.003989209284449055, , , , , , , , , , , , , , , , , , , 
868, , , , 178312, 1013404, 0.0588719894813935, 13705, 82374, 0.00478537805410311, , , , , , , , , , , , , , , , , , , 
876, , , , 161566, 1174970, 0.0682578926873714, 13278, 95652, 0.0055567409817548095, , , , , , , , , , , , , , , , , , , 
884, , , , 155298, 1330268, 0.07727966704634516, 16151, 111803, 0.006495005979834535, , , , , , , , , , , , , , , , , , , 
892, , , , 137466, 1467734, 0.08526552155851329, 22864, 134667, 0.007823251346443095, , , , , , , , , , , , , , , , , , , 
900, , , , 123658, 1591392, 0.09244922369042727, 38342, 173009, 0.010050664915656942, , , , , , , , , , , , , , , , , , , 
908, , , , 112052, 1703444, 0.09895869490365429, 60288, 233297, 0.013552994195839625, , , , , , , , , , , , , , , , , , , 
916, , , , 101967, 1805411, 0.10488229511783269, 81189, 314486, 0.018269531681388188, , , , , , , , , , , , , , , , , , , 
924, , , , 108733, 1914144, 0.11119895464580017, 109262, 423748, 0.02461692256865133, , , , , , , , , , , , , , , , , , , 
932, , , , 113371, 2027515, 0.11778505093069254, 127849, 551597, 0.032044093749351896, , , , 1, 1, 5.811056744155559e-08, , , , , , , , , , , , , 
940, , , , 127607, 2155122, 0.1251981635311482, 144872, 696469, 0.04046018729165925, , , , 78, 79, 4.590734827882891e-06, , , , , , , , , , , , , 
948, , , , 146017, 2301139, 0.13368077390973823, 151796, 848265, 0.04927851889022962, , , , 374, 453, 2.632408705102468e-05, , , , , , , , , , , , , 
956, , , , 164281, 2465420, 0.1432244004436702, 144540, 992805, 0.057675325454680335, , , , 1089, 1542, 8.960649499487871e-05, , , , , , , , , , , , , 
964, , , , 206491, 2671911, 0.15522014545750715, 146035, 1138840, 0.0661589815127927, , , , 3331, 4873, 0.00028317279514270037, , , , , , , , , , , , , 
972, , , , 238583, 2910494, 0.16908022087307617, 134127, 1272967, 0.07395086247356537, , , , 7278, 12151, 0.000706101504982342, , , , , , , , , , , , , 
980, , , , 270085, 3180579, 0.18477035163936698, 124231, 1397198, 0.08116785207027408, , , , 11146, 23297, 0.0013538018896859206, , , , , , , , , , , , , 
988, , , , 282192, 3462771, 0.20116381807105008, 113373, 1510571, 0.08775406454178004, , , , 13459, 36756, 0.0021359120168818174, , , , , , , , , , , , , 
996, , , , 272983, 3735754, 0.21702230324043884, 102664, 1613235, 0.09371815579079601, , , , 11617, 48373, 0.0028109824788503683, 11, 11, 6.392162418571115e-07, , , , , , , , , , 
1004, , , , 283661, 4019415, 0.23350110873980687, 103569, 1716804, 0.09973482148246335, , , , 10301, 58674, 0.0034095794340658326, 109, 120, 6.97326809298667e-06, , , , , , , , , , 
1012, , , , 275453, 4294868, 0.24950308437698443, 101866, 1818670, 0.10565255427265524, , , , 8183, 66857, 0.003885098207440082, 429, 549, 3.190270152541402e-05, , , , , , , , , , 
1020, , , , 274958, 4569826, 0.2654763038272974, 107112, 1925782, 0.11187504455030466, , , , 6049, 72906, 0.004236609029894051, 1688, 2237, 0.00012999333936675986, , , , , , , , , , 
1032, , , , 535261, 5105087, 0.29657138531681215, 231338, 2157120, 0.1253142339581288, , , , 9100, 82006, 0.004765415193612207, 10173, 12410, 0.0007211521419497049, , , , , , , , , , 
1048, , , , 536546, 5641633, 0.3277411167055611, 312815, 2469935, 0.14348669172385906, , , , 5419, 87425, 0.005080316358577997, 23922, 36332, 0.0021112731362865978, , , , , , , , , , 
1064, , , , 463126, 6104759, 0.3546456375092681, 438513, 2908448, 0.16896136196736933, , , , 2823, 90248, 0.005244362490465508, 22022, 58354, 0.0033909840524845346, , , , , , , , , , 
1080, , , , 324586, 6429345, 0.3735019115893068, 523696, 3432144, 0.19938459436377576, , , , 1937, 92185, 0.005356922659599802, 14546, 72900, 0.004236260366489403, , , , , , , , , , 
1096, , , , 209174, 6638519, 0.3856535209452803, 550876, 3983020, 0.23138680283892696, , , , 1697, 93882, 0.0054555362925481216, 9400, 82300, 0.0047824997004400245, , , , , , , , , , 
1112, , , , 117213, 6755732, 0.3924628117148871, 510531, 4493551, 0.2610452368513497, , , , 2708, 96590, 0.005612899709179854, 5170, 87470, 0.005082931334112867, , , , , , , , , , 
1128, , , , 63741, 6819473, 0.3961657371834401, 507839, 5001390, 0.29054728368187477, , , , 4841, 101431, 0.005894212966164425, 2850, 90320, 0.0052485464513213, , , , , , , , , , 
1144, , , , 32120, 6851593, 0.3980316941977625, 496160, 5497550, 0.31937085878231664, , , , 5170, 106601, 0.0061946445998372675, 1957, 92277, 0.005362268831804425, , , , , , , , , , 
1160, , , , 16258, 6867851, 0.39897617517966955, 432971, 5930521, 0.3445235759195575, , , , 2589, 109190, 0.006345092858943455, 1660, 93937, 0.005458732373757407, , , , , , , , , , 
1176, , , , 9740, 6877591, 0.39954200398787315, 352274, 6282795, 0.3649883374781939, , , , 3226, 112416, 0.006532557549509913, 2885, 96822, 0.005626381360826295, , , , , , , , , , 
1192, , , , 6408, 6883999, 0.39991426589782886, 241628, 6524423, 0.3790253070129601, , , , 16163, 128579, 0.007471798651067776, 4833, 101655, 0.005907229733271333, , , , , , , , , , 
1208, , , , 5022, 6889021, 0.40020601048456383, 155665, 6680088, 0.3880684016155284, , , , 71226, 199805, 0.011610781927660014, 4890, 106545, 0.00619139040806054, , , , , , , , , , 
1224, , , , 4016, 6893037, 0.4004393132046609, 86637, 6766725, 0.3931014314365075, , , , 175564, 375369, 0.02181290558996928, 2041, 108586, 0.006309994076208755, , , , , , , , , , 
1240, , , , 3398, 6896435, 0.40063671426115743, 43016, 6809741, 0.3956003731216909, , , , 225680, 601049, 0.03492729845017954, 794, 109380, 0.00635613386675735, , , , , , , , , , 
1256, , , , 3094, 6899529, 0.4008164549523876, 22215, 6831956, 0.39689091593218817, , , , 169458, 770507, 0.04477459898769067, 1128, 110508, 0.006421682586831425, , , , , , , , , , 
1272, , , , 2832, 6902361, 0.40098097519723697, 11522, 6843478, 0.39756026701310415, , , , 96518, 867025, 0.050383314736014734, 4700, 115208, 0.006694802253806736, , , , , , , , , , 
1288, , , , 2878, 6905239, 0.401148167734199, 7486, 6850964, 0.39799515350778714, , , , 90782, 957807, 0.05565870826949403, 22680, 137888, 0.008012749923381217, , , , , , , , , , 
1304, , , , 2848, 6908087, 0.40131361747195704, 5472, 6856436, 0.3983130400825808, , , , 121997, 1079804, 0.06274802316566148, 76524, 214412, 0.012459602986278816, , , , , , , , , , 
1320, , , , 2605, 6910692, 0.40146495053616343, 4231, 6860667, 0.39855883286363925, , , , 160624, 1240428, 0.07208197495039391, 154059, 368471, 0.021412058895757428, , , , , , , , , , 
1336, , , , 2624, 6913316, 0.401617387373199, 3451, 6864118, 0.398759312865396, , , , 216218, 1456646, 0.08464652562147218, 188700, 557171, 0.03237752297197897, , , , , , , , , , 
1352, , , , 2628, 6915944, 0.40177005658346177, 2971, 6867089, 0.39893190807989015, , , , 233656, 1690302, 0.09822440836759629, 141707, 698878, 0.04061219715241948, , , , , , , , , , 
1368, , , , 2518, 6918462, 0.4019163355299768, 2740, 6869829, 0.39909108374051416, , , , 199114, 1889416, 0.10979503589315419, 100369, 799247, 0.04644469669596098, , , , , , , , , , 
1384, , , , 2387, 6920849, 0.4020550042533015, 2595, 6872424, 0.3992418358716526, , , , 161078, 2050494, 0.11915536987550508, 93842, 893089, 0.05189790856581144, , , , , , , , , , 
1400, , , , 2280, 6923129, 0.4021874569927988, 2412, 6874836, 0.39938195692764716, , , , 198879, 2249373, 0.1307123414177142, 110918, 1004007, 0.0583434164852939, , , , , , , , , , 
1416, , , , 2145, 6925274, 0.4023120671358786, 2338, 6877174, 0.39951777907893876, , , , 306578, 2555951, 0.14852776296281145, 147587, 1151594, 0.06691978080229076, , , , , , , , , , 
1432, , , , 2020, 6927294, 0.4024294156156087, 2197, 6879371, 0.399645410073972, , , , 382424, 2938375, 0.1707506386060809, 188204, 1339798, 0.07785642203706129, , , , , , , , , , 
1448, , , , 1899, 6929193, 0.4025397348052163, 2345, 6881716, 0.3997816388784111, , , , 429049, 3367424, 0.1956829194563129, 229945, 1569743, 0.09121865646740979, , , , , , , , , , 
1464, , , , 1720, 6930913, 0.40263965529290735, 2239, 6883955, 0.3999117097923298, , , , 478954, 3846378, 0.2235152081747157, 218566, 1788309, 0.10391965075084084, , , , , , , , , , 
1480, , , , 1703, 6932616, 0.40273858819438274, 2202, 6886157, 0.40003963125389697, , , , 559882, 4406260, 0.25605026889502874, 180287, 1968596, 0.11439623062317657, , , , , , , , , , 
1496, , , , 1604, 6934220, 0.4028317698584853, 2198, 6888355, 0.40016732034223695, , , , 607897, 5014157, 0.29137550851104804, 193368, 2161964, 0.1256329548282153, , , , , , , , , , 
1512, , , , 1580, 6935800, 0.40292355728322465, 2203, 6890558, 0.40029529989711093, , , , 487697, 5501854, 0.3197158579205924, 242842, 2404806, 0.13974464124685754, , , , , , , , , , 
1528, , , , 1428, 6937228, 0.40300651452533093, 2255, 6892813, 0.4004263003039384, , , , 311844, 5813698, 0.3378372897138368, 312376, 2717182, 0.1578969878619809, , , , , , , , , , 
1544, , , , 1388, 6938616, 0.40308714803516527, 2204, 6895017, 0.40055433795211914, , , , 164366, 5978064, 0.34738869124193555, 357185, 3074367, 0.17865321089359293, , , , , , , , , , 
1560, , , , 1279, 6939895, 0.4031614493745587, 1864, 6896881, 0.4006626238759889, , , , 87696, 6065760, 0.3524847555642902, 382063, 3456430, 0.20085510862201597, , , , , , , , , , 
1576, , , , 1203, 6941098, 0.40323133562263563, 2012, 6898893, 0.4007795076092647, , , , 63631, 6129391, 0.35618238908116384, 436128, 3892558, 0.22619875417916674, , , , , , , , , , 
1592, , , , 1063, 6942161, 0.40329308880776094, 1725, 6900618, 0.40087971856348964, , , , 54638, 6184029, 0.3593574342650356, 473776, 4366334, 0.25373014637935715, , , , , , , , , , 
1608, , , , 986, 6943147, 0.40335036880826286, 1694, 6902312, 0.4009781286252039, , , , 53341, 6237370, 0.36245711004293557, 496152, 4862486, 0.2825618206366199, , , , , , , , , , 
1624, , , , 952, 6944099, 0.4034056736363337, 1580, 6903892, 0.4010699160499433, , , , 49703, 6287073, 0.3653453795764832, 439684, 5302170, 0.3081121073715928, , , , , , , , , , 
1640, , , , 885, 6944984, 0.4034570862128491, 1476, 6905368, 0.4011556617707758, , , , 43304, 6330377, 0.36786179958897236, 320348, 5622518, 0.3267277114303602, , , , , , , , , , 
1656, , , , 830, 6945814, 0.4035053036574907, 1441, 6906809, 0.40123937422587036, , , , 35118, 6365495, 0.3699025264963849, 216959, 5839477, 0.3393353220319127, , , , , , , , , , 
1672, , , , 816, 6946630, 0.40355270779583713, 1357, 6908166, 0.401318206843194, , , , 23834, 6389329, 0.37128753376078694, 135321, 5974798, 0.34719890212867144, , , , , , , , , , 
1688, , , , 722, 6947352, 0.4035946511633446, 1276, 6909442, 0.4013923339026671, , , , 16242, 6405571, 0.3722313655971727, 92724, 6067522, 0.35258714638412225, , , , , , , , , , 
1704, , , , 724, 6948076, 0.4036367107174657, 1261, 6910703, 0.40146558956253825, , , , 11716, 6417287, 0.3729121890053179, 69158, 6136680, 0.35660595700724534, , , , , , , , , , 
1720, , , , 655, 6948731, 0.4036747618334178, 1132, 6911835, 0.40153135118583255, , , , 9788, 6427075, 0.37348097523943585, 56014, 6192694, 0.3598609623319166, , , , , , , , , , 
1736, , , , 688, 6949419, 0.4037147300284942, 1112, 6912947, 0.4015959509429909, , , , 9369, 6436444, 0.3740254131457958, 51075, 6243769, 0.3628289595639941, , , , , , , , , , 
1752, , , , 604, 6950023, 0.40374981838579965, 984, 6913931, 0.4016531147568792, , , , 8979, 6445423, 0.37454718793085356, 44574, 6288343, 0.36541917999713397, , , , , , , , , , 
1768, , , , 583, 6950606, 0.40378368678366233, 892, 6914823, 0.4017049339865422, , , , 10105, 6455528, 0.3751343952148505, 36678, 6325021, 0.36755055938975534, , , , , , , , , , 
1784, , , , 606, 6951212, 0.40381889132758136, 824, 6915647, 0.401752802871343, , , , 11471, 6466999, 0.37580098153397257, 26978, 6351999, 0.36911826627819366, , , , , , , , , , 
1800, , , , 525, 6951737, 0.4038493903136498, 758, 6916405, 0.4017968375978952, , , , 11193, 6478192, 0.37645141311534586, 18119, 6370118, 0.3701711716496672, , , , , , , , , , 
1816, , , , 543, 6952280, 0.40388093497924066, 740, 6917145, 0.40183982664492507, , , , 9062, 6487254, 0.37697801107750123, 13142, 6383260, 0.3709348607269841, , , , , , , , , , 
1832, , , , 482, 6952762, 0.40390893595311683, 678, 6917823, 0.4018792139069335, , , , 5991, 6493245, 0.3773261514870436, 9977, 6393237, 0.37151462985834854, , , , , , , , , , 
1848, , , , 505, 6953267, 0.40393827307304936, 648, 6918471, 0.401916858369738, , , , 3653, 6496898, 0.3775384293899076, 9381, 6402618, 0.3720597650915177, , , , , , , , , , 
1864, , , , 460, 6953727, 0.403964995994176, 645, 6919116, 0.4019543285526221, , , , 2120, 6499018, 0.3776616237928837, 9404, 6412022, 0.37260623686773814, , , , , , , , , , 
1880, , , , 471, 6954198, 0.4039923579416775, 598, 6919714, 0.40198906835008674, , , , 1445, 6500463, 0.37774559356283677, 9862, 6421884, 0.3731793232838468, , , , , , , , , , 
1896, , , , 512, 6954710, 0.40402210171475755, 566, 6920280, 0.4020219491617339, , , , 1307, 6501770, 0.3778215440744829, 10586, 6432470, 0.37379448175078306, , , , , , , , , , 
1912, , , , 416, 6955126, 0.40404626853038517, 547, 6920827, 0.4020537262005519, , , , 1128, 6502898, 0.37788709279455696, 9563, 6442033, 0.37435019310722667, , , , , , , , , , 
1928, , , , 423, 6955549, 0.4040708419991603, 547, 6921374, 0.4020855032393699, , , , 1152, 6504050, 0.37795403616824963, 8689, 6450722, 0.37485511582772635, , , , , , , , , , 
1944, , , , 453, 6956002, 0.4040971582671394, 513, 6921887, 0.4021153051057568, , , , 1178, 6505228, 0.3780224904166958, 6865, 6457587, 0.3752540448732126, , , , , , , , , , 
1960, , , , 429, 6956431, 0.40412208029575536, 475, 6922362, 0.40214289942648546, , , , 1193, 6506421, 0.3780918163236536, 4860, 6462447, 0.3755364622309786, , , , , , , , , , 
1976, , , , 446, 6956877, 0.40414798991058687, 475, 6922837, 0.4021704937472141, , , , 1208, 6507629, 0.37816201388912296, 3322, 6465769, 0.3757295055360194, , , , , , , , , , 
1992, , , , 469, 6957346, 0.4041752356714747, 413, 6923250, 0.40219448628292126, , , , 1373, 6509002, 0.3782417996982202, 2230, 6467999, 0.3758590921014141, , , , , , , , , , 
2008, , , , 436, 6957782, 0.4042005643532382, 456, 6923706, 0.40222097683082075, , , , 1888, 6510890, 0.37835151244954984, 1585, 6469584, 0.37595119735080895, , , , , , , , , , 
2024, , , , 455, 6958237, 0.40422699680783086, 406, 6924112, 0.4022445627133803, , , , 3871, 6514761, 0.3785764584561161, 1234, 6470818, 0.37602290579103187, , , , , , , , , , 
2040, , , , 394, 6958631, 0.40424988557070896, 383, 6924495, 0.4022668124498836, , , , 9210, 6523971, 0.37911165678225284, 1089, 6471907, 0.3760861881989757, , , , , , , , , , 
2064, , , , 763, 6959394, 0.4042942107637951, 771, 6925266, 0.4023116023894242, , , , 81643, 6605614, 0.3838559778398838, 2115, 6474022, 0.37620909204911457, , , , , , , , , , 
2096, , , , 754, 6960148, 0.4043380131171201, 759, 6926025, 0.40235569520928316, , , , 334104, 6939718, 0.40327095086437725, 2744, 6476766, 0.3763685474461742, , , , , , , , , , 
2128, , , , 791, 6960939, 0.4043839649227966, 712, 6926737, 0.4023970576437227, , , , 778990, 7718708, 0.44853850179567467, 10221, 6486987, 0.37696249555599437, , , , , , , , , , 
2160, , , , 638, 6961577, 0.40442102845253314, 628, 6927365, 0.40243354024039124, , , , 1182400, 8901108, 0.51724843673857, 48473, 6535460, 0.37977928909158887, , , , , , , , , , 
2192, , , , 603, 6962180, 0.4044560587165318, 630, 6927995, 0.40247013902367346, , , , 1312731, 10213839, 0.5935319800466907, 184421, 6719881, 0.390496098049728, , , , , , , , , , 
2224, , , , 527, 6962707, 0.40448667388921383, 576, 6928571, 0.40250360076838854, , , , 1068863, 11282702, 0.6556442154939741, 556301, 7276182, 0.42282306482803284, , , , , , , , , , 
2256, , , , 521, 6963228, 0.4045169405020551, 622, 6929193, 0.4025397348052163, , , , 653710, 11936412, 0.6936316745361935, 1185356, 8461538, 0.4917047746082854, , , , , , , , , , 
2288, , , , 418, 6963646, 0.40454122350429633, 595, 6929788, 0.4025743003227606, , , , 334395, 12270807, 0.7130635577358124, 1513902, 9975440, 0.5796784788791912, , , , , , , , , , 
2320, , , , 375, 6964021, 0.40456300849434523, 535, 6930323, 0.40260538024189707, , , , 194690, 12465497, 0.7243771041110089, 1230787, 11206227, 0.6512002098488812, , , , , , , , , , 
2352, , , , 359, 6964380, 0.4045838639914854, 510, 6930833, 0.40263500782836353, , , , 127186, 12592683, 0.7317679547416306, 703783, 11910010, 0.6920974393346014, , , , , , , , , , 
2384, , , , 295, 6964675, 0.4046010015169905, 509, 6931342, 0.4026645773215233, , , , 82807, 12675490, 0.7365799164997634, 340316, 12250326, 0.7118733952040419, , , , , , , , , , 
2416, , , , 248, 6964923, 0.4046154086570762, 513, 6931855, 0.4026943791879102, , , , 69426, 12744916, 0.7406143007549608, 187278, 12437604, 0.7227562260533615, , , , , , , , , , 
2448, , , , 215, 6965138, 0.40462789871803756, 477, 6932332, 0.40272208969525236, , , , 79365, 12824281, 0.7452262459399599, 115124, 12552728, 0.7294461470195032, , , , , , , , , , 
2480, , , , 178, 6965316, 0.40463823932664744, 416, 6932748, 0.40274625651088, , , , 107617, 12931898, 0.7514799308763178, 70155, 12622883, 0.7335228938783656, , , , , , , , , , 
2512, , , , 153, 6965469, 0.4046471276025874, 426, 6933174, 0.4027710042595755, , , , 153130, 13085028, 0.7603784020686433, 46642, 12669525, 0.7362332869649746, , , , , , , , , , 
2544, , , , 129, 6965598, 0.4046546216391642, 346, 6933520, 0.40279110454372735, , , , 234390, 13319418, 0.7739989379712694, 46933, 12716458, 0.7389605902267091, , , , , , , , , , 
2576, , , , 107, 6965705, 0.40466083762299154, 340, 6933860, 0.4028108562680383, , , , 371184, 13690602, 0.7955686508364959, 69515, 12785973, 0.7430001463224088, , , , , , , , , , 
2608, , , , 80, 6965785, 0.4046654850875353, 296, 6934156, 0.4028280518868503, , , , 461695, 14152297, 0.8223980092714248, 121836, 12907809, 0.7500801054172181, , , , , , , , , , 
2640, , , , 69, 6965854, 0.4046694935257043, 285, 6934441, 0.40284460847928744, , , , 433108, 14585405, 0.8475661609149021, 231339, 13139148, 0.7635233459785802, , , , , , , , , , 
2672, , , , 52, 6965906, 0.4046725143776577, 253, 6934694, 0.4028593060859071, , , , 311192, 14896597, 0.8656497046181746, 389898, 13529046, 0.7861805400029078, , , , , , , , , , 
2704, , , , 40, 6965946, 0.4046748381099296, 217, 6934911, 0.4028719123334821, , , , 179997, 15076594, 0.8761094324259523, 492604, 14021650, 0.8148060379668879, , , , , , , , , , 
2736, , , , 39, 6965985, 0.4046771037488947, 200, 6935111, 0.4028835309948415, , , , 92657, 15169251, 0.8814937832733846, 469158, 14490808, 0.8420690755666332, , , , , , , , , , 
2768, , , , 34, 6966019, 0.4046790789213258, 171, 6935282, 0.4028934649503038, , , , 45900, 15215151, 0.884161058318952, 334321, 14825129, 0.8614966585842615, , , , , , , , , , 
2800, , , , 37, 6966056, 0.4046812283736773, 152, 6935434, 0.40290229513293696, , , , 26267, 15241418, 0.8856874485939393, 195345, 15020474, 0.8728482673811322, , , , , , , , , , 
2832, , , , 35, 6966091, 0.4046832616394152, 110, 6935544, 0.4029086853966846, , , , 18205, 15259623, 0.8867453514742129, 100536, 15121010, 0.8786904713894365, , , , , , , , , , 
2864, , , , 36, 6966127, 0.40468535299845987, 112, 6935656, 0.4029151918470459, , , , 13953, 15273576, 0.8875561682217248, 49548, 15170558, 0.8815697337850307, , , , , , , , , , 
2896, , , , 18, 6966145, 0.40468639867798223, 82, 6935738, 0.40291995549820325, , , , 11192, 15284768, 0.8882065416925307, 28118, 15198676, 0.8832036867203523, , , , , , , , , , 
2928, , , , 27, 6966172, 0.40468796719726574, 70, 6935808, 0.40292402202967903, , , , 8957, 15293725, 0.8887270380451048, 18249, 15216925, 0.8842641464655933, , , , , , , , , , 
2960, , , , 26, 6966198, 0.4046894776232425, 52, 6935860, 0.4029270428816325, , , , 7916, 15301641, 0.8891870412969721, 13951, 15230876, 0.8850748469919704, , , , , , , , , , 
2992, , , , 17, 6966215, 0.404690465209458, 45, 6935905, 0.4029296570804384, , , , 6705, 15308346, 0.8895766726516677, 11181, 15242057, 0.8857245812465344, , , , , , , , , , 
3024, , , , 16, 6966231, 0.40469139470236676, 44, 6935949, 0.40293221318593747, , , , 6132, 15314478, 0.8899330066512193, 9329, 15251386, 0.8862666947301967, , , , , , , , , , 
3056, , , , 11, 6966242, 0.4046920337287416, 35, 6935984, 0.40293424645167536, , , , 5480, 15319958, 0.8902514525607991, 7938, 15259324, 0.8867279764145478, , , , , , , , , , 
3088, , , , 14, 6966256, 0.4046928470350367, 35, 6936019, 0.40293627971741325, , , , 4979, 15324937, 0.8905407850760906, 6892, 15266216, 0.8871284744453549, , , , , , , , , , 
3120, , , , 7, 6966263, 0.4046932536881843, 26, 6936045, 0.40293779014339, , , , 4735, 15329672, 0.8908159386129263, 6144, 15272360, 0.8874855057717159, , , , , , , , , , 
3152, , , , 13, 6966276, 0.40469400890117263, 31, 6936076, 0.40293959103590066, , , , 4713, 15334385, 0.8910898137172784, 5786, 15278146, 0.8878217335149328, , , , , , , , , , 
3184, , , , 13, 6966289, 0.404694764114161, 21, 6936097, 0.4029408109953434, , , , 4574, 15338959, 0.8913556114527561, 5040, 15283186, 0.8881146107748382, , , , , , , , , , 
3216, , , , 8, 6966297, 0.4046952288606154, 27, 6936124, 0.4029423795146269, , , , 4616, 15343575, 0.8916238498320662, 4554, 15287740, 0.888379246298967, , , , , , , , , , 
3248, , , , 11, 6966308, 0.40469586788699013, 12, 6936136, 0.4029430766343085, , , , 4681, 15348256, 0.8918958653982602, 4251, 15291991, 0.888626274321161, , , , , , , , , , 
3280, , , , 13, 6966321, 0.4046966230999785, 15, 6936151, 0.4029439480339105, , , , 4603, 15352859, 0.8921633483401936, 4036, 15296027, 0.8888608085713552, , , , , , , , , , 
3312, , , , 10, 6966331, 0.4046972040330465, 10, 6936161, 0.4029445289669784, , , , 4708, 15357567, 0.8924369328917086, 3955, 15299982, 0.8890906358655866, , , , , , , , , , 
3344, , , , 8, 6966339, 0.40469766877950086, 14, 6936175, 0.4029453422732736, , , , 4387, 15361954, 0.8926918639510746, 4160, 15304142, 0.8893323758261434, , , , , , , , , , 
3376, , , , 8, 6966347, 0.40469813352595524, 13, 6936188, 0.4029460974862619, , , , 4202, 15366156, 0.892936044555464, 4320, 15308462, 0.8895834134774909, , , , , , , , , , 
3408, , , , 6, 6966353, 0.404698482085796, 11, 6936199, 0.40294673651263674, , , , 3898, 15370054, 0.8931625595473512, 4391, 15312853, 0.8898385769791268, , , , , , , , , , 
3440, , , , 36, 6966389, 0.4047005734448407, 12, 6936211, 0.4029474336323183, , , , 3510, 15373564, 0.8933665276390711, 4469, 15317322, 0.8900982731050231, , , , , , , , , , 
3472, , , , 164, 6966553, 0.40471010074715547, 27, 6936238, 0.4029490021516018, , , , 3347, 15376911, 0.8935610237082979, 4608, 15321930, 0.8903660465997938, , , , , , , , , , 
3504, , , , 500, 6967053, 0.404739147400554, 102, 6936340, 0.4029549276688951, , , , 3228, 15380139, 0.8937486046199993, 4436, 15326366, 0.8906238250769646, , , , , , , , , , 
3536, , , , 1456, 6968509, 0.40482373125525056, 343, 6936683, 0.4029748536731265, , , , 2992, 15383131, 0.8939224714377845, 4094, 15330460, 0.8908617297400703, , , , , , , , , , 
3568, , , , 3162, 6971671, 0.40500742229134296, 946, 6937629, 0.40302980994135656, , , , 2868, 15385999, 0.8940891325452068, 3860, 15334320, 0.8910860365303946, , , , , , , , , , 
3600, , , , 6049, 6977720, 0.4053588287041585, 2303, 6939932, 0.4031635988269102, , , , 2755, 15388754, 0.8942492271585083, 3541, 15337861, 0.8912918060497053, , , , , , , , , , 
3632, , , , 10367, 6988087, 0.4059610820157239, 4510, 6944442, 0.40342559964056507, , , , 2705, 15391459, 0.8944064162434378, 3377, 15341238, 0.8914880454359554, , , , , , , , , , 
3664, , , , 14954, 7003041, 0.4068298093255675, 8329, 6952771, 0.40390945879287804, , , , 2608, 15394067, 0.8945579686033253, 2952, 15344190, 0.8916595878310428, , , , , , , , , , 
3696, , , , 17942, 7020983, 0.4078721194361208, 12901, 6965672, 0.4046589205438672, , , , 2609, 15396676, 0.8947095790737803, 2870, 15347060, 0.8918263651596001, , , , , , , , , , 
3728, , , , 17315, 7038298, 0.40887800504331234, 16028, 6981700, 0.4055900400652109, , , , 2630, 15399306, 0.8948624098661516, 2680, 15349740, 0.8919821014803435, , , , , , , , , , 
3760, , , , 15616, 7053914, 0.4097851901222556, 16539, 6998239, 0.4065508452663279, , , , 2569, 15401875, 0.895011695913909, 2535, 15352275, 0.8921294117688078, , , , , , , , , , 
3792, , , , 13966, 7067880, 0.4105965212449837, 14628, 7012867, 0.40740063415815564, , , , 2457, 15404332, 0.8951544735781128, 2571, 15354846, 0.8922788140377, , , , , , , , , , 
3824, , , , 13262, 7081142, 0.41136695467972667, 12592, 7025459, 0.4081321450773446, , , , 2590, 15406922, 0.8953049799477865, 2434, 15357280, 0.8924202551588528, , , , , , , , , , 
3856, , , , 14410, 7095552, 0.41220407923067265, 11901, 7037360, 0.4088235135215367, , , , 2777, 15409699, 0.8954663529935717, 2492, 15359772, 0.8925650666929171, , , , , , , , , , 
3888, , , , 17215, 7112767, 0.4132041555071845, 12567, 7049927, 0.40955357210805565, , , , 2981, 15412680, 0.895639580595115, 2617, 15362389, 0.8927171420479117, , , , , , , , , , 
3920, , , , 21690, 7134457, 0.41446419933161327, 14075, 7064002, 0.4103712354012246, , , , 3706, 15416386, 0.8958549383580534, 2656, 15365045, 0.8928714837150364, , , , , , , , , , 
3952, , , , 26038, 7160495, 0.4159768328539958, 16634, 7080636, 0.4113375594664873, , , , 4719, 15421105, 0.8961291621258101, 3045, 15368090, 0.893048430392896, , , , , , , , , , 
3984, , , , 28539, 7189034, 0.4176347577366778, 20253, 7100889, 0.41251412320904873, , , , 7222, 15428327, 0.896548836643873, 3703, 15371793, 0.8932636138241321, , , , , , , , , , 
4016, , , , 28823, 7217857, 0.4193091811184902, 24640, 7125529, 0.41394554228852887, , , , 14739, 15443066, 0.8974053282973941, 4115, 15375908, 0.8935027388091541, , , , , , , , , , 
4048, , , , 26879, 7244736, 0.420870671111889, 27704, 7153233, 0.41555495926003533, , , , 35243, 15478309, 0.8994533190257368, 4827, 15380735, 0.8937832385181945, , , , , , , , , , 
4080, , , , 25265, 7270001, 0.4223383985081174, 29200, 7182433, 0.41725128381851023, , , , 72216, 15550525, 0.9036498317640962, 6689, 15387424, 0.8941719401038111, , , , , , , , , , 
4128, , , , 44240, 7314241, 0.4249084464008205, 55512, 7237945, 0.42047615946543004, , , , 243948, 15794473, 0.9178257884703288, 40504, 15427928, 0.8965256505274638, , , , , , , , , , 
4192, , , , 33576, 7347817, 0.4268589872698394, 48880, 7286825, 0.42331576030167156, , , , 229082, 16023555, 0.9311378734809752, 168189, 15596117, 0.9062992087548916, , , , , , , , , , 
4256, , , , 22889, 7370706, 0.4281886849691179, 40045, 7326870, 0.42564210677236086, , , , 134367, 16157922, 0.9389460160963947, 272357, 15868474, 0.9221260285715713, , , , , , , , , , 
4320, , , , 16535, 7387241, 0.4291492577970077, 29371, 7356241, 0.42734836528629805, , , , 98953, 16256875, 0.944696231076439, 204455, 16072929, 0.9340070246378346, , , , , , , , , , 
4384, , , , 12404, 7399645, 0.42986984717451876, 20186, 7376427, 0.428521036777304, , , , 124128, 16381003, 0.9519093795918244, 105078, 16178007, 0.9401131668434584, , , , , , , , , , 
4448, , , , 11964, 7411609, 0.4305648754970391, 14338, 7390765, 0.4293539786101606, , , , 107703, 16488706, 0.9581680620369822, 102086, 16280093, 0.946045442231297, , , , , , , , , , 
4512, , , , 19679, 7431288, 0.43170809368149893, 10913, 7401678, 0.42998795086723723, , , , 60143, 16548849, 0.9616630058946197, 127300, 16407393, 0.953442917466607, , , , , , , , , , 
4576, , , , 27558, 7458846, 0.433309029030213, 15099, 7416777, 0.4308651017065664, , , , 27148, 16575997, 0.9632405915795231, 92184, 16499577, 0.9587997820156394, , , , , , , , , , 
4640, , , , 27166, 7486012, 0.4348871918026626, 26302, 7443079, 0.43239307186194337, , , , 18621, 16594618, 0.9643226684558523, 46944, 16546521, 0.9615277244936158, , , , , , , , , , 
4704, , , , 40273, 7526285, 0.43722678354730166, 27584, 7470663, 0.43399551763663413, , , , 23078, 16617696, 0.9656637441312685, 23023, 16569544, 0.9628656040878227, , , , , , , , , , 
4768, , , , 86276, 7612561, 0.442238841684527, 28578, 7499241, 0.43565570815828125, , , , 44088, 16661784, 0.9682257228286318, 19646, 16589190, 0.9640072442957796, , , , , , , , , , 
4832, , , , 127125, 7739686, 0.44962395331110644, 62588, 7561829, 0.43929165204409726, , , , 87124, 16748908, 0.97328854790641, 27306, 16616496, 0.9655940114503386, , , , , , , , , , 
4896, , , , 137232, 7876918, 0.4575962139894841, 108266, 7670095, 0.44558118199779045, , , , 104724, 16853632, 0.9793741189711593, 59022, 16675518, 0.9690238133618742, , , , , , , , , , 
4960, , , , 104899, 7981817, 0.46369014377919154, 135042, 7805137, 0.4534262183342825, , , , 74901, 16928533, 0.9837266585830994, 102299, 16777817, 0.9749684663005779, , , , , , , , , , 
5024, , , , 56700, 8038517, 0.4669840342745863, 123463, 7928600, 0.460598592271371, , , , 40831, 16969364, 0.9860993711623055, 96356, 16874173, 0.9805677681369763, , , , , , , , , , 
5088, , , , 22630, 8061147, 0.4682986858074043, 80588, 8009188, 0.46528021567953454, , , , 32884, 17002248, 0.9880102790620536, 59520, 16933693, 0.9840265091110978, , , , , , , , , , 
5152, , , , 11443, 8072590, 0.46896344751708335, 37756, 8046944, 0.4674735865709653, , , , 33637, 17035885, 0.9899649442190852, 35434, 16969127, 0.9860855989578219, , , , , , , , , , 
5216, , , , 12287, 8084877, 0.46967723997769917, 14916, 8061860, 0.4683401063351506, , , , 20918, 17056803, 0.9911805010688277, 35242, 17004369, 0.9881335315755971, , , , , , , , , , 
5280, , , , 22851, 8107728, 0.4710047301313193, 11157, 8073017, 0.4689882533590857, , , , 15188, 17071991, 0.99206308436713, 29651, 17034020, 0.9898565680108067, , , , , , , , , , 
5344, , , , 44445, 8152173, 0.4735866871519158, 16502, 8089519, 0.4699469091078512, , , , 11512, 17083503, 0.9927320532195172, 17236, 17051256, 0.9908581617512293, , , , , , , , , , 
5408, , , , 48719, 8200892, 0.476416934965763, 34013, 8123532, 0.47192283675194047, , , , 7517, 17091020, 0.9931688703549754, 13636, 17064892, 0.9916505574488624, , , , , , , , , , 
5472, , , , 27213, 8228105, 0.47799782812363206, 50917, 8174449, 0.4748807736541277, , , , 5799, 17096819, 0.993505853535569, 10543, 17075435, 0.9922632171613988, , , , , , , , , , 
5536, , , , 8729, 8236834, 0.47850492459866384, 38424, 8212873, 0.4771129508744989, , , , 6019, 17102838, 0.9938556210409997, 7016, 17082451, 0.9926709209025687, , , , , , , , , , 
5600, , , , 3028, 8239862, 0.4786808311316454, 15829, 8228702, 0.47803250982778994, , , , 6354, 17109192, 0.9942248555865233, 5985, 17088436, 0.9930187126487064, , , , , , , , , , 
5664, , , , 1856, 8241718, 0.4787886523090608, 4706, 8233408, 0.47830589692957703, , , , 7031, 17116223, 0.9946334309862049, 6439, 17094875, 0.9933928865924626, , , , , , , , , , 
5728, , , , 1525, 8243243, 0.4788772446019264, 2272, 8235680, 0.47843788492262, , , , 8470, 17124693, 0.9951256274924348, 6798, 17101673, 0.9937879222299303, , , , , , , , , , 
5792, , , , 1504, 8244747, 0.4789646169353492, 1802, 8237482, 0.47854256906146836, , , , 7250, 17131943, 0.9955469291063862, 7599, 17109272, 0.9942295044319186, , , , , , , , , , 
5856, , , , 1352, 8246099, 0.4790431590861388, 1554, 8239036, 0.47863284606023104, , , , 4587, 17136530, 0.9958134822792406, 8513, 17117785, 0.9947241996925487, , , , , , , , , , 
5920, , , , 1574, 8247673, 0.47913459795103747, 1558, 8240594, 0.4787233554322209, , , , 3268, 17139798, 0.9960033876136396, 6495, 17124280, 0.9951016278280815, , , , , , , , , , 
5984, , , , 15700, 8263373, 0.4800466628677517, 2123, 8242717, 0.4788466875225511, , , , 2790, 17142588, 0.9961655160968015, 4208, 17128488, 0.9953461570958756, , , , , , , , , , 
6048, , , , 151078, 8414451, 0.48882328347204174, 27567, 8270284, 0.48044814571102634, , , , 2497, 17145085, 0.996310618183703, 3284, 17131772, 0.9955369921993537, , , , , , , , , , 
6112, , , , 415956, 8830407, 0.5129875429941302, 200420, 8470704, 0.4920912062592982, , , , 2176, 17147261, 0.9964370667784559, 2913, 17134685, 0.9957062682823109, , , , , , , , , , 
6176, , , , 443714, 9274121, 0.5387643565262922, 438160, 8908864, 0.5175453695655091, , , , 1837, 17149098, 0.9965438158908461, 2593, 17137278, 0.9958569489836868, , , , , , , , , , 
6240, , , , 413837, 9687958, 0.5628055163312775, 421896, 9330760, 0.5420547033299723, , , , 1644, 17150742, 0.9966393496637199, 2270, 17139548, 0.9959888599717792, , , , , , , , , , 
6304, , , , 451182, 10139140, 0.5890161706786001, 411150, 9741910, 0.5659397664195939, , , , 1437, 17152179, 0.9967228545491335, 2112, 17141660, 0.9961115894902157, , , , , , , , , , 
6368, , , , 274312, 10413452, 0.6049518618527222, 438995, 10180905, 0.5914424376369803, , , , 1312, 17153491, 0.9967990956136168, 1869, 17143529, 0.996220198140764, , , , , , , , , , 
6432, , , , 84090, 10497542, 0.6098369280212891, 245458, 10426363, 0.6057019045367794, , , , 1247, 17154738, 0.9968715594912164, 1654, 17145183, 0.9963163130193123, , , , , , , , , , 
6496, , , , 20935, 10518477, 0.6110531113990861, 70409, 10496772, 0.6097921961750553, , , , 1268, 17156006, 0.9969452436907323, 1570, 17146753, 0.9964075466101956, , , , , , , , , , 
6560, , , , 10881, 10529358, 0.6116852246703451, 18570, 10515342, 0.6108709888822772, , , , 1254, 17157260, 0.997018114342304, 1463, 17148216, 0.9964925623703625, , , , , , , , , , 
6624, , , , 35132, 10564490, 0.6137261587247403, 8152, 10523494, 0.6113445655192871, , , , 1414, 17158674, 0.9971002826846663, 1325, 17149541, 0.9965695588722226, , , , , , , , , , 
6688, , , , 162136, 10726626, 0.6231451751155926, 8358, 10531852, 0.6118301093774972, , , , 1478, 17160152, 0.997186170103345, 1407, 17150948, 0.9966513204406129, , , , , , , , , , 
6752, , , , 427588, 11154214, 0.6479851759823447, 46443, 10578295, 0.6145281368250741, , , , 1591, 17161743, 0.9972786240161445, 1451, 17152399, 0.9967356388739707, , , , , , , , , , 
6816, , , , 659276, 11813490, 0.6862846989143, 201319, 10779614, 0.6262234232561565, , , , 1775, 17163518, 0.9973817702733533, 1617, 17154016, 0.9968296036615236, , , , , , , , , , 
6880, , , , 580490, 12393980, 0.7200072825769401, 481195, 11260809, 0.65417763202038, , , , 1831, 17165349, 0.9974881707223388, 1723, 17155739, 0.9969297281692254, , , , , , , , , , 
6944, , , , 276526, 12670506, 0.7360715923323109, 671074, 11931883, 0.6931625397859273, , , , 1785, 17167134, 0.997591898085222, 1821, 17157560, 0.9970355475125365, , , , , , , , , , 
7008, , , , 80045, 12750551, 0.7407216710748836, 525495, 12457378, 0.7236902820412617, , , , 1762, 17168896, 0.997694288905054, 1947, 17159507, 0.9971486887873452, , , , , , , , , , 
7072, , , , 21003, 12771554, 0.7419418047975428, 232167, 12689545, 0.7371776308004206, , , , 1552, 17170448, 0.9977844765057232, 1878, 17161385, 0.9972578204330005, , , , , , , , , , 
7136, , , , 9146, 12780700, 0.742473126181509, 63776, 12753321, 0.7408825895347115, , , , 1505, 17171953, 0.9978719329097228, 1768, 17163153, 0.9973605599162371, , , , , , , , , , 
7200, , , , 5700, 12786400, 0.7428042580302523, 18122, 12771443, 0.7419353564404884, , , , 1405, 17173358, 0.9979535782569782, 1724, 17164877, 0.9974607425345063, , , , , , , , , , 
7264, , , , 4276, 12790676, 0.7430526650101167, 8486, 12779929, 0.7424283362419684, , , , 1318, 17174676, 0.9980301679848661, 1575, 17166452, 0.9975522666782268, , , , , , , , , , 
7328, , , , 3671, 12794347, 0.7432659255393688, 5583, 12785512, 0.7427526711738165, , , , 1235, 17175911, 0.9981019345356564, 1542, 17167994, 0.9976418731732217, , , , , , , , , , 
7392, , , , 3455, 12797802, 0.7434666379143526, 4358, 12789870, 0.7430058418048382, , , , 1139, 17177050, 0.9981681224719724, 1475, 17169469, 0.997727586260198, , , , , , , , , , 
7456, , , , 3664, 12801466, 0.7436794917904572, 3699, 12793569, 0.7432207289466807, , , , 1068, 17178118, 0.9982301845579999, 1344, 17170813, 0.9978056868628394, , , , , , , , , , 
7520, , , , 4160, 12805626, 0.7439211599467331, 3497, 12797066, 0.74342388124055, , , , 964, 17179082, 0.9982862031450136, 1242, 17172055, 0.9978778601876018, , , , , , , , , , 
7584, , , , 4225, 12809851, 0.7441666041679508, 3772, 12800838, 0.7436430091937887, , , , 911, 17179993, 0.9983391418719529, 1160, 17173215, 0.9979452684458341, , , , , , , , , , 
7648, , , , 3861, 12813712, 0.7443909024254943, 4062, 12804900, 0.7438789842059984, , , , 964, 17180957, 0.9983951604589666, 1146, 17174361, 0.998011863156122, , , , , , , , , , 
7712, , , , 3443, 12817155, 0.7445909176807967, 4180, 12809080, 0.7441218142284102, , , , 891, 17181848, 0.998446936974557, 1045, 17175406, 0.9980725886990985, , , , , , , , , , 
7776, , , , 2854, 12820009, 0.7447567159783955, 3854, 12812934, 0.7443457058328062, , , , 861, 17182709, 0.9984969701731241, 1004, 17176410, 0.9981309317088098, , , , , , , , , , 
7840, , , , 2296, 12822305, 0.7448900982108017, 3342, 12816276, 0.744539853664122, , , , 854, 17183563, 0.9985465965977193, 1012, 17177422, 0.9981897396030607, , , , , , , , , , 
7904, , , , 1989, 12824294, 0.7450056457980211, 2797, 12819073, 0.7447023406432335, , , , 820, 17184383, 0.9985942472630214, 1055, 17178477, 0.9982510462517115, , , , , , , , , , 
7968, , , , 1692, 12825986, 0.7451039396731217, 2212, 12821285, 0.7448308430378686, , , , 818, 17185201, 0.9986417817071885, 919, 17179396, 0.9983044498631903, , , , , , , , , , 
8032, , , , 1570, 12827556, 0.7451951461647932, 1956, 12823241, 0.7449444735459637, , , , 734, 17185935, 0.9986844348636906, 1036, 17180432, 0.9983646524110598, , , , , , , , , , 
8096, , , , 1466, 12829022, 0.7452803109525576, 1681, 12824922, 0.7450421283946896, , , , 713, 17186648, 0.9987258676982764, 993, 17181425, 0.9984223562045292, , , , , , , , , , 
8160, , , , 1302, 12830324, 0.7453559484380075, 1597, 12826519, 0.7451349034056446, , , , 661, 17187309, 0.9987642787833553, 880, 17182305, 0.9984734935038778, , , , , , , , , , 
8256, , , , 2477, 12832801, 0.7454998455589439, 2855, 12829374, 0.7453007597965503, , , , 1224, 17188533, 0.9988354061179038, 1648, 17183953, 0.9985692597190214, , , , , , , , , , 
8384, , , , 2145, 12834946, 0.7456244557020236, 2558, 12831932, 0.7454493624753372, , , , 1091, 17189624, 0.9988988047469826, 1562, 17185515, 0.9986600284253652, , , , , , , , , , 
8512, , , , 1958, 12836904, 0.7457382023967323, 2213, 12834145, 0.7455779229632792, , , , 1054, 17190678, 0.9989600532850659, 1483, 17186998, 0.9987462063968809, , , , , , , , , , 
8640, , , , 2007, 12838911, 0.7458547956634741, 1863, 12836008, 0.7456861507938422, , , , 965, 17191643, 0.999016129982647, 1356, 17188354, 0.9988250043263317, , , , , , , , , , 
8768, , , , 2301, 12841212, 0.7459884683624142, 1967, 12837975, 0.745800420328312, , , , 874, 17192517, 0.999066918618591, 1274, 17189628, 0.9988990371892523, , , , , , , , , , 
8896, , , , 2444, 12843656, 0.7461304484042263, 2489, 12840464, 0.7459450145689299, , , , 873, 17193390, 0.9991176491439674, 1134, 17190762, 0.9989649345727311, , , , , , , , , , 
9024, , , , 2220, 12845876, 0.7462594155453157, 2537, 12843001, 0.7460923972882741, , , , 861, 17194251, 0.9991676823425346, 1103, 17191865, 0.999029030528619, , , , , , , , , , 
9152, , , , 2263, 12848139, 0.7463908806985976, 2472, 12845473, 0.7462360039426765, , , , 810, 17195061, 0.9992147519021622, 1054, 17192919, 0.9990902790667024, , , , , , , , , , 
9280, , , , 4034, 12852173, 0.746625229098217, 3141, 12848614, 0.7464184750193262, , , , 704, 17195765, 0.9992556617416412, 931, 17193850, 0.9991443800049905, , , , , , , , , , 
9408, , , , 9898, 12862071, 0.7472002366488946, 6854, 12855468, 0.7468166465441134, , , , 680, 17196445, 0.9992951769275014, 813, 17194663, 0.9991916238963205, , , , , , , , , , 
9536, , , , 19893, 12881964, 0.748355886801009, 15806, 12871274, 0.7477348693513481, , , , 645, 17197090, 0.9993326582435011, 745, 17195408, 0.9992349162690645, , , , , , , , , , 
9664, , , , 24127, 12906091, 0.7497575040141022, 23620, 12894894, 0.7491070332578953, , , , 600, 17197690, 0.9993675245839662, 725, 17196133, 0.9992770464304596, , , , , , , , , , 
9792, , , , 18768, 12924859, 0.7508477991960699, 20911, 12915805, 0.7503218223963292, , , , 612, 17198302, 0.9994030882512404, 691, 17196824, 0.9993172008325617, , , , , , , , , , 
9920, , , , 14872, 12939731, 0.7517117628547563, 15626, 12931431, 0.7512295884083404, , , , 540, 17198842, 0.9994344679576588, 674, 17197498, 0.9993563673550173, , , , , , , , , , 
10048, , , , 17849, 12957580, 0.7527486702877774, 15614, 12947045, 0.7521366573006701, , , , 513, 17199355, 0.9994642786787563, 576, 17198074, 0.9993898390418636, , , , , , , , , , 
10176, , , , 21872, 12979452, 0.7540192870940432, 20235, 12967280, 0.7533121753637091, , , , 498, 17199853, 0.9994932177413421, 579, 17198653, 0.9994234850604123, , , , , , , , , , 
10304, , , , 19834, 12999286, 0.7551715097410566, 21601, 12988881, 0.754567048883833, , , , 443, 17200296, 0.9995189607227188, 527, 17199180, 0.999454109329454, , , , , , , , , , 
10432, , , , 15822, 13015108, 0.7560906620412001, 16854, 13005735, 0.755546153476591, , , , 392, 17200688, 0.999541740065156, 497, 17199677, 0.9994829902814725, , , , , , , , , , 
10560, , , , 22749, 13037857, 0.7574122266775271, 19307, 13025042, 0.7566677609509224, , , , 334, 17201022, 0.9995611489946814, 422, 17200099, 0.9995075129409328, , , , , , , , , , 
10688, , , , 35239, 13073096, 0.7594593767157495, 28556, 13053598, 0.75832667341982, , , , 331, 17201353, 0.9995803835925046, 377, 17200476, 0.9995294206248583, , , , , , , , , , 
10816, , , , 51220, 13124316, 0.7624349158898962, 43050, 13096648, 0.7608275902774345, , , , 278, 17201631, 0.9995965383302533, 365, 17200841, 0.9995506309819745, , , , , , , , , , 
10944, , , , 58399, 13182715, 0.7658275069135392, 55185, 13151833, 0.7640334694130316, , , , 269, 17201900, 0.999612170072895, 326, 17201167, 0.9995695750269604, , , , , , , , , , 
11072, , , , 65166, 13247881, 0.7696132153442781, 63444, 13215277, 0.7677191411694659, , , , 218, 17202118, 0.9996248381765973, 294, 17201461, 0.9995866595337882, , , , , , , , , , 
11200, , , , 57045, 13304926, 0.7729271480305178, 62334, 13277611, 0.7713403293553555, , , , 232, 17202350, 0.9996383198282438, 249, 17201710, 0.9996011290650811, , , , , , , , , , 
11328, , , , 48596, 13353522, 0.775750250367629, 48348, 13325959, 0.7741490245523809, , , , 209, 17202559, 0.9996504649368391, 255, 17201965, 0.9996159472597788, , , , , , , , , , 
11456, , , , 40437, 13393959, 0.7780993694145827, 42160, 13368119, 0.776598238366946, , , , 192, 17202751, 0.9996616221657878, 236, 17202201, 0.999629661353695, , , , , , , , , , 
11584, , , , 29360, 13423319, 0.7798049889021451, 37168, 13405287, 0.7787574503939801, , , , 180, 17202931, 0.9996720820679273, 195, 17202396, 0.999640992914346, , , , , , , , , , 
11712, , , , 22499, 13445818, 0.7811120302117728, 26967, 13432254, 0.7803240525983771, , , , 188, 17203119, 0.9996830068546063, 197, 17202593, 0.999652440696132, , , , , , , , , , 
11840, , , , 26418, 13472236, 0.7826467391907381, 22373, 13454627, 0.7816237741513483, , , , 179, 17203298, 0.9996934086461784, 195, 17202788, 0.9996637722567832, , , , , , , , , , 
11968, , , , 41889, 13514125, 0.7850802097191613, 34356, 13488983, 0.783619627799669, , , , 162, 17203460, 0.9997028225581038, 198, 17202986, 0.9996752781491366, , , , , , , , , , 
12096, , , , 45083, 13559208, 0.7876992302694943, 46401, 13535384, 0.7863152153283605, , , , 153, 17203613, 0.9997117134749225, 170, 17203156, 0.9996851569456017, , , , , , , , , , 
12224, , , , 39823, 13599031, 0.7900126800260746, 40332, 13575716, 0.7886582345781006, , , , 144, 17203757, 0.999720081396634, 172, 17203328, 0.9996951519632016, , , , , , , , , , 
12352, , , , 39947, 13638978, 0.7923333333526977, 40726, 13616442, 0.7910241425907186, , , , 141, 17203898, 0.9997282749866433, 160, 17203488, 0.9997044496539923, , , , , , , , , , 
12480, , , , 32534, 13671512, 0.7942233409960342, 38086, 13654528, 0.7932366842733924, , , , 134, 17204032, 0.9997360618026805, 142, 17203630, 0.9997127013545689, , , , , , , , , , 
12608, , , , 29932, 13701444, 0.7959621898550845, 30058, 13684586, 0.7949828528890992, , , , 106, 17204138, 0.9997422215228292, 134, 17203764, 0.9997204881706061, , , , , , , , , , 
12736, , , , 49485, 13750929, 0.7988369371419383, 35878, 13720464, 0.7970671245503651, , , , 98, 17204236, 0.9997479163584385, 109, 17203873, 0.9997268222224572, , , , , , , , , , 
12864, , , , 112591, 13863520, 0.8053777206475289, 75975, 13796439, 0.8014807635342737, , , , 88, 17204324, 0.9997530300883734, 100, 17203973, 0.9997326332792014, , , , , , , , , , 
12992, , , , 168446, 14031966, 0.8151633058042708, 147613, 13944052, 0.8100560908305118, , , , 81, 17204405, 0.9997577370443361, 93, 17204066, 0.9997380375619734, , , , , , , , , , 
13120, , , , 162188, 14194154, 0.8245853430470764, 166962, 14111014, 0.8197554655199668, , , , 63, 17204468, 0.999761398010085, 86, 17204152, 0.9997430350707734, , , , , , , , , , 
13248, , , , 175982, 14370136, 0.8348087193638412, 166130, 14277144, 0.8294065065781665, , , , 79, 17204547, 0.9997659887449128, 69, 17204221, 0.9997470446999269, , , , , , , , , , 
13376, , , , 165752, 14535888, 0.8444378011520716, 174416, 14451560, 0.839538908776487, , , , 57, 17204604, 0.999769301047257, 84, 17204305, 0.999751925987592, , , , , , , , , , 
13504, , , , 179282, 14715170, 0.8548528853812667, 163864, 14615424, 0.8490583104014846, , , , 68, 17204672, 0.999773252565843, 61, 17204366, 0.9997554707322059, , , , , , , , , , 
13632, , , , 244086, 14959256, 0.8690326482641401, 210019, 14825443, 0.8612590086017017, , , , 70, 17204742, 0.999777320305564, 68, 17204434, 0.999759422250792, , , , , , , , , , 
13760, , , , 286434, 15245690, 0.8856725465032564, 248375, 15073818, 0.8756879336774277, , , , 61, 17204803, 0.9997808650501779, 86, 17204520, 0.999764419759592, , , , , , , , , , 
13888, , , , 252027, 15497717, 0.9003136283354054, 272907, 15346725, 0.8915420037554999, , , , 56, 17204859, 0.9997841192419546, 63, 17204583, 0.9997680807253407, , , , , , , , , , 
14016, , , , 169088, 15666805, 0.910136509395111, 229699, 15576424, 0.9048859782334836, , , , 54, 17204913, 0.9997872572125964, 52, 17204635, 0.9997711024748477, , , , , , , , , , 
14144, , , , 112978, 15779783, 0.9166997750104321, 147026, 15723450, 0.9134272047586319, , , , 65, 17204978, 0.9997910343994801, 57, 17204692, 0.9997744147771919, , , , , , , , , , 
14272, , , , 92873, 15872656, 0.9220950746925978, 96367, 15819817, 0.9190254824547466, , , , 65, 17205043, 0.9997948115863639, 63, 17204755, 0.9997780757429408, , , , , , , , , , 
14400, , , , 118474, 15991130, 0.9289776211220757, 106430, 15926247, 0.9252083530971604, , , , 65, 17205108, 0.9997985887732476, 67, 17204822, 0.9997819691509593, , , , , , , , , , 
14528, , , , 137455, 16128585, 0.936962836607869, 123036, 16049283, 0.9323559211922466, , , , 47, 17205155, 0.9998013199699173, 68, 17204890, 0.9997859206695453, , , , , , , , , , 
14656, , , , 132373, 16260958, 0.9446528219085196, 131232, 16180515, 0.9399796220298418, , , , 38, 17205193, 0.9998035281714801, 47, 17204937, 0.999788651866215, , , , , , , , , , 
14784, , , , 120119, 16381077, 0.9516309318276788, 141076, 16321591, 0.9481751933795474, , , , 49, 17205242, 0.9998063755892848, 50, 17204987, 0.9997915573945871, , , , , , , , , , 
14912, , , , 126510, 16507587, 0.958980316070578, 129998, 16451589, 0.9557272070765548, , , , 35, 17205277, 0.9998084094591452, 43, 17205030, 0.9997940561489871, , , , , , , , , , 
15040, , , , 141142, 16648729, 0.9671797215785323, 146349, 16597938, 0.9642291044330015, , , , 39, 17205316, 0.9998106757712754, 48, 17205078, 0.9997968454562243, , , , , , , , , , 
15168, , , , 89482, 16738211, 0.9723780268573491, 111347, 16709285, 0.9706976198649365, , , , 45, 17205361, 0.9998132907468102, 41, 17205119, 0.9997992279894894, , , , , , , , , , 
15296, , , , 43550, 16781761, 0.9749079903683621, 55396, 16764681, 0.9739157566882679, , , , 31, 17205392, 0.999815092174401, 38, 17205157, 0.9998014361910522, , , , , , , , , , 
15424, , , , 26707, 16808468, 0.9764594883129919, 31227, 16795908, 0.9757298363796205, , , , 39, 17205431, 0.9998173584865312, 44, 17205201, 0.9998039930560196, , , , , , , , , , 
15552, , , , 29817, 16838285, 0.9781916564417605, 27069, 16822977, 0.9773023641013108, , , , 37, 17205468, 0.9998195085775266, 38, 17205239, 0.9998062012575825, , , , , , , , , , 
15680, , , , 54507, 16892792, 0.9813581483153493, 41676, 16864653, 0.9797234607553861, , , , 38, 17205506, 0.9998217167790893, 35, 17205274, 0.9998082351274429, , , , , , , , , , 
15808, , , , 78510, 16971302, 0.9859190538319884, 74635, 16939288, 0.9840592547081866, , , , 34, 17205540, 0.9998236925383823, 44, 17205318, 0.9998107919924103, , , , , , , , , , 
15936, , , , 57628, 17028930, 0.9892668549160909, 69460, 17008748, 0.9880944157983121, , , , 28, 17205568, 0.9998253196342707, 38, 17205356, 0.9998130001939731, , , , , , , , , , 
16064, , , , 25589, 17054519, 0.9907534045437215, 34423, 17043171, 0.9900941616981882, , , , 28, 17205596, 0.999826946730159, 27, 17205383, 0.999814569179294, , , , , , , , , , 
16192, , , , 10310, 17064829, 0.9913523465367995, 15871, 17059042, 0.9910161605703647, , , , 21, 17205617, 0.9998281670520753, 24, 17205407, 0.9998159638329126, , , , , , , , , , 
16320, , , , 6616, 17071445, 0.991736691854569, 8488, 17067530, 0.9915092565584583, , , , 35, 17205652, 0.9998302009219358, 36, 17205443, 0.9998180558133405, , , , , , , , , , 
16512, , , , 9851, 17081296, 0.9923089690198271, 11010, 17078540, 0.9921488638662943, , , , 55, 17205707, 0.9998333970031451, 58, 17205501, 0.9998214262262521, , , , , , , , , , 
16768, , , , 6775, 17088071, 0.9927025511733774, 7348, 17085888, 0.9925757334846392, , , , 55, 17205762, 0.9998365930843544, 55, 17205556, 0.9998246223074614, , , , , , , , , , 
17024, , , , 5805, 17093876, 0.9930397828193344, 5892, 17091780, 0.9929180192482877, , , , 74, 17205836, 0.9998408932663451, 74, 17205630, 0.9998289224894521, , , , , , , , , , 
17280, , , , 5452, 17099328, 0.9933565075279921, 5481, 17097261, 0.9932364286628426, , , , 98, 17205934, 0.9998465881019543, 88, 17205718, 0.9998340362193869, , , , , , , , , , 
17536, , , , 5466, 17104794, 0.993674045542945, 5533, 17102794, 0.9935578589293508, , , , 94, 17206028, 0.9998520504952938, 94, 17205812, 0.9998394986127265, , , , , , , , , , 
17792, , , , 5325, 17110119, 0.9939833924016395, 5239, 17108033, 0.9938622097636608, , , , 93, 17206121, 0.9998574547780659, 92, 17205904, 0.9998448447849311, , , , , , , , , , 
18048, , , , 5244, 17115363, 0.9942880337024834, 5266, 17113299, 0.9941681291172542, , , , 108, 17206229, 0.9998637307193495, 108, 17206012, 0.9998511207262147, , , , , , , , , , 
18304, , , , 5202, 17120565, 0.9945902350844418, 5178, 17118477, 0.9944689362598496, , , , 109, 17206338, 0.9998700647712007, 121, 17206133, 0.9998581521048752, , , , , , , , , , 
18560, , , , 5312, 17125877, 0.994898826730148, 5241, 17123718, 0.994773403280773, , , , 90, 17206428, 0.9998752947222704, 104, 17206237, 0.9998641956038891, , , , , , , , , , 
18816, , , , 5279, 17131156, 0.9952055012967298, 5225, 17128943, 0.9950769408087878, , , , 117, 17206545, 0.9998820936586611, 107, 17206344, 0.9998704134346054, , , , , , , , , , 
19072, , , , 5102, 17136258, 0.9955018933480084, 5228, 17134171, 0.9953806526167229, , , , 86, 17206631, 0.9998870911674611, 96, 17206440, 0.9998759920490797, , , , , , , , , , 
19328, , , , 4988, 17141246, 0.9957916627623123, 5001, 17139172, 0.9956711772440152, , , , 108, 17206739, 0.9998933671087448, 111, 17206551, 0.9998824423220657, , , , , , , , , , 
19584, , , , 4784, 17146030, 0.9960695811420296, 4836, 17144008, 0.9959521164756859, , , , 98, 17206837, 0.9998990619443541, 104, 17206655, 0.9998884858210797, , , , , , , , , , 
19840, , , , 4540, 17150570, 0.9963333247548883, 4609, 17148617, 0.9962198685267136, , , , 82, 17206919, 0.9999038270108842, 87, 17206742, 0.9998935414404471, , , , , , , , , , 
20096, , , , 4248, 17154818, 0.9965801051221623, 4365, 17152982, 0.9964734458108829, , , , 80, 17206999, 0.9999084758562795, 82, 17206824, 0.9998983065069773, , , , , , , , , , 
20352, , , , 4110, 17158928, 0.9968188686130984, 4075, 17157057, 0.996710176036081, , , , 66, 17207065, 0.9999123111537307, 82, 17206906, 0.9999030715735074, , , , , , , , , , 
20608, , , , 4106, 17163034, 0.9970573997308072, 4159, 17161216, 0.9969517860990501, , , , 68, 17207133, 0.9999162626723167, 83, 17206989, 0.9999078947506052, , , , , , , , , , 
20864, , , , 3733, 17166767, 0.9972742620450807, 3957, 17165173, 0.9971816613140462, , , , 55, 17207188, 0.9999194587535261, 66, 17207055, 0.9999117300480562, , , , , , , , , , 
21120, , , , 3289, 17170056, 0.9974653309311363, 3377, 17168550, 0.9973778424111, , , , 50, 17207238, 0.9999223642818981, 51, 17207106, 0.9999146936869958, , , , , , , , , , 
21376, , , , 2996, 17173052, 0.9976393784783004, 3169, 17171719, 0.9975619401003399, , , , 47, 17207285, 0.9999250954785678, 60, 17207166, 0.9999181803210423, , , , , , , , , , 
21632, , , , 2776, 17175828, 0.9978006454979691, 2807, 17174526, 0.9977250080125193, , , , 47, 17207332, 0.9999278266752376, 46, 17207212, 0.9999208534071446, , , , , , , , , , 
21888, , , , 2612, 17178440, 0.9979523852153231, 2745, 17177271, 0.9978844741396773, , , , 34, 17207366, 0.9999298024345306, 39, 17207251, 0.9999231197192748, , , , , , , , , , 
22144, , , , 2451, 17180891, 0.9980947719102828, 2485, 17179756, 0.998028836007068, , , , 25, 17207391, 0.9999312551987166, 33, 17207284, 0.9999250373680004, , , , , , , , , , 
22400, , , , 2266, 17183157, 0.998226411343485, 2356, 17182112, 0.9981657038378821, , , , 29, 17207420, 0.9999329404051724, 30, 17207314, 0.9999267806850236, , , , , , , , , , 
22656, , , , 2119, 17185276, 0.998349511060588, 2192, 17184304, 0.9982930443663812, , , , 25, 17207445, 0.9999343931693585, 24, 17207338, 0.9999281753386422, , , , , , , , , , 
22912, , , , 1952, 17187228, 0.9984629091954559, 2051, 17186355, 0.9984121937386221, , , , 22, 17207467, 0.9999356716018422, 21, 17207359, 0.9999293956605585, , , , , , , , , , 
23168, , , , 1756, 17188984, 0.9985649210421916, 1810, 17188165, 0.9985173426239248, , , , 18, 17207485, 0.9999367175920562, 31, 17207390, 0.9999311970881491, , , , , , , , , , 
23424, , , , 1630, 17190614, 0.9986596131322708, 1684, 17189849, 0.9986151717525711, , , , 22, 17207507, 0.9999379960245398, 22, 17207412, 0.9999324755206329, , , , , , , , , , 
23680, , , , 1386, 17192000, 0.9987401304554916, 1456, 17191305, 0.9986997556072676, , , , 26, 17207533, 0.9999395068992933, 28, 17207440, 0.9999341026165213, , , , , , , , , , 
23936, , , , 1362, 17193362, 0.9988192535393492, 1395, 17192700, 0.9987807957702496, , , , 18, 17207551, 0.9999405528895073, 24, 17207464, 0.9999354972701399, , , , , , , , , , 
24192, , , , 1229, 17194591, 0.9988906502134028, 1303, 17194003, 0.9988564913490062, , , , 15, 17207566, 0.9999414245480189, 17, 17207481, 0.9999364851497864, , , , , , , , , , 
24448, , , , 1155, 17195746, 0.9989577479827535, 1151, 17195154, 0.9989233567451297, , , , 18, 17207584, 0.9999424705382328, 18, 17207499, 0.9999375311400003, , , , , , , , , , 
24704, , , , 1058, 17196804, 0.9990192107013448, 1109, 17196263, 0.9989877822223676, , , , 11, 17207595, 0.9999431097544748, 16, 17207515, 0.9999384609090793, , , , , , , , , , 
24960, , , , 992, 17197796, 0.9990768392616876, 1017, 17197280, 0.9990468631153803, , , , 14, 17207609, 0.9999439233024189, 15, 17207530, 0.999939332567591, , , , , , , , , , 
25216, , , , 994, 17198790, 0.9991345840086439, 966, 17198246, 0.9991029812497462, , , , 14, 17207623, 0.9999447368503631, 12, 17207542, 0.9999400298944003, , , , , , , , , , 
25472, , , , 894, 17199684, 0.9991865194249204, 947, 17199193, 0.999157995611283, , , , 9, 17207632, 0.99994525984547, 12, 17207554, 0.9999407272212096, , , , , , , , , , 
25728, , , , 857, 17200541, 0.9992363053888456, 860, 17200053, 0.9992079558551286, , , , 17, 17207649, 0.9999462477251165, 18, 17207572, 0.9999417732114235, , , , , , , , , , 
25984, , , , 860, 17201401, 0.999286265632691, 883, 17200936, 0.9992592522450303, , , , 14, 17207663, 0.9999470612730608, 12, 17207584, 0.9999424705382328, , , , , , , , , , 
26240, , , , 765, 17202166, 0.9993307070123908, 822, 17201758, 0.9993070049432176, , , , 9, 17207672, 0.9999475842681678, 11, 17207595, 0.9999431097544748, , , , , , , , , , 
26496, , , , 716, 17202882, 0.9993723018200575, 692, 17202450, 0.9993472055115211, , , , 13, 17207685, 0.9999483397055444, 10, 17207605, 0.9999436908601491, , , , , , , , , , 
26752, , , , 643, 17203525, 0.999409655816328, 689, 17203139, 0.9993872317999043, , , , 7, 17207692, 0.9999487464795166, 12, 17207617, 0.9999443881869584, , , , , , , , , , 
27008, , , , 606, 17204131, 0.999444860360247, 651, 17203790, 0.9994250505426292, , , , 8, 17207700, 0.9999492113640561, 8, 17207625, 0.9999448530714979, , , , , , , , , , 
27264, , , , 566, 17204697, 0.9994777411718943, 565, 17204355, 0.9994578732609696, , , , 7, 17207707, 0.9999496181380282, 9, 17207634, 0.9999453760666049, , , , , , , , , , 
27520, , , , 557, 17205254, 0.9995100991437802, 570, 17204925, 0.9994909864458439, , , , 8, 17207715, 0.9999500830225677, 4, 17207638, 0.9999456085088747, , , , , , , , , , 
27776, , , , 498, 17205752, 0.9995390296105652, 536, 17205461, 0.9995221244582871, , , , 9, 17207724, 0.9999506060176747, 10, 17207648, 0.9999461896145492, , , , , , , , , , 
28032, , , , 419, 17206171, 0.9995633707061131, 458, 17205919, 0.9995487311928002, , , , 8, 17207732, 0.9999510709022142, 11, 17207659, 0.999946828830791, , , , , , , , , , 
28288, , , , 373, 17206544, 0.9995850395095485, 400, 17206319, 0.9995719685155191, , , , 8, 17207740, 0.9999515357867538, 10, 17207669, 0.9999474099364654, , , , , , , , , , 
28544, , , , 336, 17206880, 0.9996045588606323, 358, 17206677, 0.9995927659193524, , , , 15, 17207755, 0.9999524074452654, 9, 17207678, 0.9999479329315724, , , , , , , , , , 
28800, , , , 324, 17207204, 0.9996233810920345, 342, 17207019, 0.999612633830277, , , , 9, 17207764, 0.9999529304403724, 13, 17207691, 0.9999486883689491, , , , , , , , , , 
29056, , , , 270, 17207474, 0.9996390662848698, 294, 17207313, 0.9996297132624754, , , , 11, 17207775, 0.9999535696566142, 12, 17207703, 0.9999493856957584, , , , , , , , , , 
29312, , , , 248, 17207722, 0.9996534734249554, 258, 17207571, 0.999644701335629, , , , 13, 17207788, 0.999954325093991, 13, 17207716, 0.9999501411331352, , , , , , , , , , 
29568, , , , 201, 17207923, 0.9996651501796217, 216, 17207787, 0.9996572494898972, , , , 5, 17207793, 0.9999546156468282, 11, 17207727, 0.999950780349377, , , , , , , , , , 
29824, , , , 201, 17208124, 0.9996768269342878, 202, 17207989, 0.9996689843378702, , , , 4, 17207797, 0.999954848089098, 3, 17207730, 0.9999509546810793, , , , , , , , , , 
30080, , , , 172, 17208296, 0.9996868189830569, 180, 17208169, 0.9996794411330937, , , , 7, 17207804, 0.99995525486307, 7, 17207737, 0.9999513614550514, , , , , , , , , , 
30336, , , , 160, 17208456, 0.9996961139121444, 171, 17208340, 0.9996893750885559, , , , 6, 17207810, 0.9999556035264746, 9, 17207746, 0.9999518844501584, , , , , , , , , , 
30592, , , , 150, 17208606, 0.9997048279081641, 164, 17208504, 0.9996989023908707, , , , 13, 17207823, 0.9999563589638514, 9, 17207755, 0.9999524074452654, , , , , , , , , , 
30848, , , , 112, 17208718, 0.9997113343585253, 125, 17208629, 0.9997061640542203, , , , 6, 17207829, 0.9999567076272561, 7, 17207762, 0.9999528142192374, , , , , , , , , , 
31104, , , , 111, 17208829, 0.9997177827155798, 123, 17208752, 0.9997133095309564, , , , 10, 17207839, 0.9999572887329304, 8, 17207770, 0.999953279103777, , , , , , , , , , 
31360, , , , 92, 17208921, 0.9997231272998051, 95, 17208847, 0.9997188283951021, , , , 11, 17207850, 0.9999579279491723, 14, 17207784, 0.9999540926517212, , , , , , , , , , 
31616, , , , 97, 17209018, 0.9997287623505644, 98, 17208945, 0.9997245215391682, , , , 8, 17207858, 0.9999583928337118, 9, 17207793, 0.9999546156468282, , , , , , , , , , 
31872, , , , 89, 17209107, 0.9997339326548693, 91, 17209036, 0.9997298080300867, , , , 11, 17207869, 0.9999590320499537, 11, 17207804, 0.99995525486307, , , , , , , , , , 
32128, , , , 82, 17209189, 0.9997386963060267, 92, 17209128, 0.9997351526143121, , , , 4, 17207873, 0.9999592644922235, 6, 17207810, 0.9999556035264746, , , , , , , , , , 
32384, , , , 61, 17209250, 0.9997422399977414, 65, 17209193, 0.9997389286792538, , , , 7, 17207880, 0.9999596712661956, 6, 17207816, 0.9999559521898793, , , , , , , , , , 
32640, , , , 74, 17209324, 0.9997465389024444, 66, 17209259, 0.9997427628375025, , , , 4, 17207884, 0.9999599037084653, 6, 17207822, 0.9999563008532839, , , , , , , , , , 
33024, , , , 116, 17209440, 0.9997532777260327, 134, 17209393, 0.9997505473406133, , , , 9, 17207893, 0.9999604267035723, 8, 17207830, 0.9999567657378234, , , , , , , , , , 
33536, , , , 132, 17209572, 0.99976094604253, 127, 17209520, 0.9997579251905765, , , , 8, 17207901, 0.9999608915881119, 9, 17207839, 0.9999572887329304, , , , , , , , , , 
34048, , , , 125, 17209697, 0.9997682077058796, 121, 17209641, 0.999764954480699, , , , 10, 17207911, 0.9999614726937862, 9, 17207848, 0.9999578117280374, , , , , , , , , , 
34560, , , , 103, 17209800, 0.9997741913164797, 120, 17209761, 0.9997719256775146, , , , 15, 17207926, 0.9999623443522979, 13, 17207861, 0.9999585671654142, , , , , , , , , , 
35072, , , , 103, 17209903, 0.9997801749270798, 98, 17209859, 0.9997776188215808, , , , 14, 17207940, 0.999963157900242, 20, 17207881, 0.999959729376763, , , , , , , , , , 
35584, , , , 98, 17210001, 0.9997858680711459, 95, 17209954, 0.9997831376857265, , , , 9, 17207949, 0.999963680895349, 10, 17207891, 0.9999603104824374, , , , , , , , , , 
36096, , , , 73, 17210074, 0.9997901088825422, 77, 17210031, 0.9997876108703498, , , , 12, 17207961, 0.9999643782221583, 9, 17207900, 0.9999608334775444, , , , , , , , , , 
36608, , , , 79, 17210153, 0.9997946982537791, 82, 17210113, 0.9997923745215073, , , , 7, 17207968, 0.9999647849961304, 9, 17207909, 0.9999613564726514, , , , , , , , , , 
37120, , , , 77, 17210230, 0.9997991714384025, 80, 17210193, 0.999797021986051, , , , 14, 17207982, 0.9999655985440746, 16, 17207925, 0.9999622862417304, , , , , , , , , , 
37632, , , , 85, 17210315, 0.9998041093694803, 75, 17210268, 0.9998013789840607, , , , 11, 17207993, 0.9999662377603165, 11, 17207936, 0.9999629254579723, , , , , , , , , , 
38144, , , , 80, 17210395, 0.999808756834024, 97, 17210365, 0.9998070140348201, , , , 11, 17208004, 0.9999668769765583, 13, 17207949, 0.999963680895349, , , , , , , , , , 
38656, , , , 97, 17210492, 0.9998143918847833, 92, 17210457, 0.9998123586190454, , , , 14, 17208018, 0.9999676905245025, 14, 17207963, 0.9999644944432932, , , , , , , , , , 
39168, , , , 76, 17210568, 0.9998188069760999, 76, 17210533, 0.999816773710362, , , , 5, 17208023, 0.9999679810773398, 6, 17207969, 0.9999648431066979, , , , , , , , , , 
39680, , , , 62, 17210630, 0.9998224087611213, 65, 17210598, 0.9998205497753038, , , , 11, 17208034, 0.9999686202935816, 11, 17207980, 0.9999654823229397, , , , , , , , , , 
40192, , , , 71, 17210701, 0.9998265333859039, 73, 17210671, 0.9998247905867, , , , 13, 17208047, 0.9999693757309583, 12, 17207992, 0.999966179649749, , , , , , , , , , 
40704, , , , 48, 17210749, 0.9998293218646301, 49, 17210720, 0.999827637158733, , , , 9, 17208056, 0.9999698987260652, 12, 17208004, 0.9999668769765583, , , , , , , , , , 
41216, , , , 50, 17210799, 0.9998322265299701, 50, 17210770, 0.9998305418240729, , , , 19, 17208075, 0.9999710028268467, 11, 17208015, 0.9999675161928002, , , , , , , , , , 
41728, , , , 67, 17210866, 0.9998361187815255, 62, 17210832, 0.9998341436090943, , , , 9, 17208084, 0.9999715258219536, 15, 17208030, 0.9999683878513118, , , , , , , , , , 
42240, , , , 54, 17210920, 0.9998392558200925, 59, 17210891, 0.9998375711141954, , , , 7, 17208091, 0.9999719325959258, 8, 17208038, 0.9999688527358513, , , , , , , , , , 
42752, , , , 53, 17210973, 0.9998423347653527, 57, 17210948, 0.9998408824326828, , , , 8, 17208099, 0.9999723974804653, 10, 17208048, 0.9999694338415257, , , , , , , , , , 
43264, , , , 57, 17211030, 0.9998456460838402, 52, 17211000, 0.9998439032846362, , , , 11, 17208110, 0.9999730366967071, 13, 17208061, 0.9999701892789025, , , , , , , , , , 
43776, , , , 37, 17211067, 0.9998477955361916, 40, 17211040, 0.9998462270169081, , , , 9, 17208119, 0.9999735596918141, 11, 17208072, 0.9999708284951443, , , , , , , , , , 
44288, , , , 61, 17211128, 0.9998513392279063, 58, 17211098, 0.9998495964287023, , , , 3, 17208122, 0.9999737340235164, 6, 17208078, 0.999971177158549, , , , , , , , , , 
44800, , , , 66, 17211194, 0.9998551733861548, 64, 17211162, 0.9998533144003373, , , , 7, 17208129, 0.9999741407974885, 6, 17208084, 0.9999715258219536, , , , , , , , , , 
45312, , , , 51, 17211245, 0.9998581361448016, 60, 17211222, 0.9998567999987452, , , , 11, 17208140, 0.9999747800137304, 10, 17208094, 0.9999721069276281, , , , , , , , , , 
45824, , , , 39, 17211284, 0.9998604017837666, 43, 17211265, 0.9998592980109374, , , , 4, 17208144, 0.9999750124560002, 7, 17208101, 0.9999725137016001, , , , , , , , , , 
46336, , , , 35, 17211319, 0.9998624350495044, 34, 17211299, 0.9998612731833686, , , , 11, 17208155, 0.999975651672242, 9, 17208110, 0.9999730366967071, , , , , , , , , , 
46848, , , , 32, 17211351, 0.999864294035322, 34, 17211333, 0.9998632483557996, , , , 5, 17208160, 0.9999759422250792, 9, 17208119, 0.9999735596918141, , , , , , , , , , 
47360, , , , 36, 17211387, 0.9998663853943667, 36, 17211369, 0.9998653397148444, , , , 6, 17208166, 0.9999762908884838, 4, 17208123, 0.9999737921340839, , , , , , , , , , 
47872, , , , 43, 17211430, 0.999868883406559, 36, 17211405, 0.9998674310738891, , , , 6, 17208172, 0.9999766395518885, 7, 17208130, 0.999974198908056, , , , , , , , , , 
48384, , , , 35, 17211465, 0.9998709166722969, 42, 17211447, 0.9998698709927746, , , , 6, 17208178, 0.9999769882152931, 7, 17208137, 0.999974605682028, , , , , , , , , , 
48896, , , , 30, 17211495, 0.9998726594715008, 30, 17211477, 0.9998716137919784, , , , 3, 17208181, 0.9999771625469954, 3, 17208140, 0.9999747800137304, , , , , , , , , , 
49408, , , , 31, 17211526, 0.9998744603640115, 30, 17211507, 0.9998733565911824, , , , 8, 17208189, 0.999977627431535, 7, 17208147, 0.9999751867877025, , , , , , , , , , 
49920, , , , 31, 17211557, 0.9998762612565222, 32, 17211539, 0.9998752155769999, , , , 3, 17208192, 0.9999778017632374, 5, 17208152, 0.9999754773405397, , , , , , , , , , 
50432, , , , 23, 17211580, 0.9998775974025785, 24, 17211563, 0.999876609816363, , , , 8, 17208200, 0.9999782666477769, 7, 17208159, 0.9999758841145118, , , , , , , , , , 
50944, , , , 28, 17211608, 0.9998792240151688, 27, 17211590, 0.9998781783356465, , , , 7, 17208207, 0.999978673421749, 8, 17208167, 0.9999763489990513, , , , , , , , , , 
51456, , , , 26, 17211634, 0.9998807344411456, 25, 17211615, 0.9998796306683164, , , , 4, 17208211, 0.9999789058640187, 6, 17208173, 0.9999766976624559, , , , , , , , , , 
51968, , , , 24, 17211658, 0.9998821286805087, 25, 17211640, 0.9998810830009863, , , , 3, 17208214, 0.999979080195721, 4, 17208177, 0.9999769301047257, , , , , , , , , , 
52480, , , , 22, 17211680, 0.9998834067332583, 24, 17211664, 0.9998824772403495, , , , 4, 17208218, 0.9999793126379908, 6, 17208183, 0.9999772787681304, , , , , , , , , , 
52992, , , , 20, 17211700, 0.9998845685993942, 18, 17211682, 0.9998835229198718, , , , 5, 17208223, 0.999979603190828, 3, 17208186, 0.9999774530998327, , , , , , , , , , 
53504, , , , 26, 17211726, 0.999886079025371, 26, 17211708, 0.9998850333458486, , , , 5, 17208228, 0.9999798937436652, 8, 17208194, 0.9999779179843722, , , , , , , , , , 
54016, , , , 20, 17211746, 0.9998872408915068, 23, 17211731, 0.9998863694919049, , , , 1, 17208229, 0.9999799518542327, 2, 17208196, 0.9999780342055071, , , , , , , , , , 
54528, , , , 26, 17211772, 0.9998887513174836, 27, 17211758, 0.9998879380111885, , , , 1, 17208230, 0.9999800099648001, 1, 17208197, 0.9999780923160745, , , , , , , , , , 
55040, , , , 23, 17211795, 0.9998900874635399, 19, 17211777, 0.9998890417840176, , , , 7, 17208237, 0.9999804167387722, 5, 17208202, 0.9999783828689117, , , , , , , , , , 
55552, , , , 25, 17211820, 0.9998915397962098, 28, 17211805, 0.9998906683966079, , , , 5, 17208242, 0.9999807072916094, 8, 17208210, 0.9999788477534512, , , , , , , , , , 
56064, , , , 18, 17211838, 0.9998925854757322, 18, 17211823, 0.9998917140761302, , , , 2, 17208244, 0.9999808235127443, 2, 17208212, 0.9999789639745862, , , , , , , , , , 
56576, , , , 22, 17211860, 0.9998938635284818, 21, 17211844, 0.999892934035573, , , , 3, 17208247, 0.9999809978444466, 2, 17208214, 0.999979080195721, , , , , , , , , , 
57088, , , , 19, 17211879, 0.9998949673013109, 20, 17211864, 0.999894095901709, , , , 6, 17208253, 0.9999813465078513, 5, 17208219, 0.9999793707485582, , , , , , , , , , 
57600, , , , 24, 17211903, 0.999896361540674, 24, 17211888, 0.999895490141072, , , , 9, 17208262, 0.9999818695029582, 7, 17208226, 0.9999797775225303, , , , , , , , , , 
58112, , , , 23, 17211926, 0.9998976976867303, 20, 17211908, 0.999896652007208, , , , 3, 17208265, 0.9999820438346606, 5, 17208231, 0.9999800680753675, , , , , , , , , , 
58624, , , , 18, 17211944, 0.9998987433662527, 22, 17211930, 0.9998979300599575, , , , 7, 17208272, 0.9999824506086327, 7, 17208238, 0.9999804748493396, , , , , , , , , , 
59136, , , , 21, 17211965, 0.9998999633256954, 21, 17211951, 0.9998991500194002, , , , 4, 17208276, 0.9999826830509024, 5, 17208243, 0.9999807654021768, , , , , , , , , , 
59648, , , , 17, 17211982, 0.999900950911911, 17, 17211968, 0.9999001376056158, , , , 3, 17208279, 0.9999828573826047, 3, 17208246, 0.9999809397338791, , , , , , , , , , 
60160, , , , 22, 17212004, 0.9999022289646605, 22, 17211990, 0.9999014156583653, , , , 3, 17208282, 0.999983031714307, 5, 17208251, 0.9999812302867164, , , , , , , , , , 
60672, , , , 9, 17212013, 0.9999027518044217, 12, 17212002, 0.9999021127780469, , , , 8, 17208290, 0.9999834965988466, 7, 17208258, 0.9999816370606884, , , , , , , , , , 
61184, , , , 18, 17212031, 0.999903797483944, 17, 17212019, 0.9999031003642624, , , , 6, 17208296, 0.9999838452622513, 9, 17208267, 0.9999821600557954, , , , , , , , , , 
61696, , , , 24, 17212055, 0.9999051917233072, 23, 17212042, 0.9999044365103188, , , , 3, 17208299, 0.9999840195939536, 6, 17208273, 0.9999825087192001, , , , , , , , , , 
62208, , , , 20, 17212075, 0.9999063535894431, 22, 17212064, 0.9999057145630683, , , , 5, 17208304, 0.9999843101467908, 2, 17208275, 0.999982624940335, , , , , , , , , , 
62720, , , , 16, 17212091, 0.9999072830823519, 13, 17212077, 0.9999064697760567, , , , 2, 17208306, 0.9999844263679256, 5, 17208280, 0.9999829154931722, , , , , , , , , , 
63232, , , , 22, 17212113, 0.9999085611351014, 24, 17212101, 0.9999078640154199, , , , 5, 17208311, 0.9999847169207629, 4, 17208284, 0.999983147935442, , , , , , , , , , 
63744, , , , 19, 17212132, 0.9999096649079305, 21, 17212122, 0.9999090839748626, , , , 4, 17208315, 0.9999849493630326, 5, 17208289, 0.9999834384882792, , , , , , , , , , 
64256, , , , 20, 17212152, 0.9999108267740665, 19, 17212141, 0.9999101877476917, , , , 3, 17208318, 0.9999851236947349, 3, 17208292, 0.9999836128199815, , , , , , , , , , 
64768, , , , 20, 17212172, 0.9999119886402024, 21, 17212162, 0.9999114077071345, , , , 5, 17208323, 0.9999854142475721, 6, 17208298, 0.9999839614833861, , , , , , , , , , 
65280, , , , 21, 17212193, 0.9999132085996452, 20, 17212182, 0.9999125695732703, , , , 5, 17208328, 0.9999857048004094, 6, 17208304, 0.9999843101467908, , , , , , , , , , 
66048, , , , 42, 17212235, 0.9999156485185307, 41, 17212223, 0.9999149513988491, , , , 12, 17208340, 0.9999864021272187, 12, 17208316, 0.9999850074736001, , , , , , , , , , 
67072, , , , 44, 17212279, 0.9999182046240297, 44, 17212267, 0.9999175075043482, , , , 10, 17208350, 0.9999869832328931, 11, 17208327, 0.9999856466898419, , , , , , , , , , 
68096, , , , 33, 17212312, 0.999920121703154, 37, 17212304, 0.9999196569566996, , , , 11, 17208361, 0.999987622449135, 13, 17208340, 0.9999864021272187, , , , , , , , , , 
69120, , , , 35, 17212347, 0.9999221549688919, 36, 17212340, 0.9999217483157443, , , , 8, 17208369, 0.9999880873336745, 9, 17208349, 0.9999869251223257, , , , , , , , , , 
70144, , , , 30, 17212377, 0.9999238977680959, 32, 17212372, 0.9999236073015618, , , , 3, 17208372, 0.9999882616653768, 4, 17208353, 0.9999871575645954, , , , , , , , , , 
71168, , , , 33, 17212410, 0.9999258148472201, 31, 17212403, 0.9999254081940725, , , , 6, 17208378, 0.9999886103287815, 5, 17208358, 0.9999874481174327, , , , , , , , , , 
72192, , , , 39, 17212449, 0.9999280804861852, 39, 17212442, 0.9999276738330376, , , , 5, 17208383, 0.9999889008816186, 5, 17208363, 0.9999877386702698, , , , , , , , , , 
73216, , , , 33, 17212482, 0.9999299975653095, 33, 17212475, 0.9999295909121619, , , , 4, 17208387, 0.9999891333238884, 5, 17208368, 0.999988029223107, , , , , , , , , , 
74240, , , , 43, 17212525, 0.9999324955775017, 38, 17212513, 0.9999317984578202, , , , 3, 17208390, 0.9999893076555908, 4, 17208372, 0.9999882616653768, , , , , , , , , , 
75264, , , , 32, 17212557, 0.9999343545633192, 39, 17212552, 0.9999340640967853, , , , 5, 17208395, 0.9999895982084279, 5, 17208377, 0.999988552218214, , , , , , , , , , 
76288, , , , 25, 17212582, 0.9999358068959893, 25, 17212577, 0.9999355164294552, , , , 2, 17208397, 0.9999897144295629, 1, 17208378, 0.9999886103287815, , , , , , , , , , 
77312, , , , 22, 17212604, 0.9999370849487388, 20, 17212597, 0.9999366782955912, , , , 2, 17208399, 0.9999898306506977, 3, 17208381, 0.9999887846604838, , , , , , , , , , 
78336, , , , 22, 17212626, 0.9999383630014883, 22, 17212619, 0.9999379563483407, , , , 1, 17208400, 0.9999898887612652, 2, 17208383, 0.9999889008816186, , , , , , , , , , 
79360, , , , 26, 17212652, 0.999939873427465, 27, 17212646, 0.9999395248676243, , , , 6, 17208406, 0.9999902374246699, 5, 17208388, 0.9999891914344559, , , , , , , , , , 
80384, , , , 19, 17212671, 0.9999409772002942, 20, 17212666, 0.9999406867337601, , , , 4, 17208410, 0.9999904698669396, 5, 17208393, 0.9999894819872931, , , , , , , , , , 
81408, , , , 14, 17212685, 0.9999417905065893, 15, 17212681, 0.9999415581333622, , , , , , , 1, 17208394, 0.9999895400978606, , , , , , , , , , 
82432, , , , 19, 17212704, 0.9999428942794185, 17, 17212698, 0.9999425457195776, , , , 3, 17208413, 0.9999906441986419, 3, 17208397, 0.9999897144295629, , , , , , , , , , 
83456, , , , 18, 17212722, 0.9999439399589408, 18, 17212716, 0.9999435913991, , , , 1, 17208414, 0.9999907023092094, 1, 17208398, 0.9999897725401303, , , , , , , , , , 
84480, , , , 9, 17212731, 0.999944462798702, 12, 17212728, 0.9999442885187816, , , , 6, 17208420, 0.999991050972614, 5, 17208403, 0.9999900630929675, , , , , , , , , , 
85504, , , , 7, 17212738, 0.9999448694518496, 7, 17212735, 0.9999446951719292, , , , 2, 17208422, 0.9999911671937489, 3, 17208406, 0.9999902374246699, , , , , , , , , , 
86528, , , , 19, 17212757, 0.9999459732246787, 16, 17212751, 0.9999456246648379, , , , 1, 17208423, 0.9999912253043163, 1, 17208407, 0.9999902955352372, , , , , , , , , , 
87552, , , , 14, 17212771, 0.9999467865309739, 15, 17212766, 0.9999464960644399, , , , 2, 17208425, 0.9999913415254512, 1, 17208408, 0.9999903536458047, , , , , , , , , , 
88576, , , , 16, 17212787, 0.9999477160238827, 18, 17212784, 0.9999475417439623, , , , 1, 17208426, 0.9999913996360187, 2, 17208410, 0.9999904698669396, , , , , , , , , , 
89600, , , , 12, 17212799, 0.9999484131435642, 12, 17212796, 0.9999482388636438, , , , 3, 17208429, 0.999991573967721, 3, 17208413, 0.9999906441986419, , , , , , , , , , 
90624, , , , 12, 17212811, 0.9999491102632457, 10, 17212806, 0.9999488197967118, , , , , , , , , , , , , , , , , , , 
91648, , , , 18, 17212829, 0.9999501559427681, 18, 17212824, 0.9999498654762341, , , , , , , , , , , , , , , , , , , 
92672, , , , 12, 17212841, 0.9999508530624497, 14, 17212838, 0.9999506787825293, , , , 2, 17208431, 0.9999916901888558, 3, 17208416, 0.9999908185303442, , , , , , , , , , 
93696, , , , 8, 17212849, 0.999951317808904, 7, 17212845, 0.9999510854356769, , , , 2, 17208433, 0.9999918064099907, 2, 17208418, 0.9999909347514792, , , , , , , , , , 
94720, , , , 7, 17212856, 0.9999517244620516, 8, 17212853, 0.9999515501821312, , , , 2, 17208435, 0.9999919226311256, 2, 17208420, 0.999991050972614, , , , , , , , , , 
95744, , , , 14, 17212870, 0.9999525377683468, 14, 17212867, 0.9999523634884264, , , , 2, 17208437, 0.9999920388522605, 1, 17208421, 0.9999911090831815, , , , , , , , , , 
96768, , , , 13, 17212883, 0.9999532929813352, 12, 17212879, 0.999953060608108, , , , 2, 17208439, 0.9999921550733953, 3, 17208424, 0.9999912834148837, , , , , , , , , , 
97792, , , , 6, 17212889, 0.9999536415411759, 8, 17212887, 0.9999535253545623, , , , , , , , , , , , , , , , , , , 
98816, , , , 5, 17212894, 0.9999539320077099, 5, 17212892, 0.9999538158210963, , , , 2, 17208441, 0.9999922712945303, 1, 17208425, 0.9999913415254512, , , , , , , , , , 
99840, , , , 8, 17212902, 0.9999543967541643, 6, 17212898, 0.9999541643809371, , , , 1, 17208442, 0.9999923294050977, 2, 17208427, 0.999991457746586, , , , , , , , , , 
100864, , , , 13, 17212915, 0.9999551519671527, 14, 17212912, 0.9999549776872323, , , , 1, 17208443, 0.9999923875156651, 1, 17208428, 0.9999915158571535, , , , , , , , , , 
101888, , , , 4, 17212919, 0.9999553843403799, 5, 17212917, 0.9999552681537662, , , , 2, 17208445, 0.9999925037368, 2, 17208430, 0.9999916320782885, , , , , , , , , , 
102912, , , , 7, 17212926, 0.9999557909935274, 7, 17212924, 0.9999556748069138, , , , 2, 17208447, 0.9999926199579349, 2, 17208432, 0.9999917482994233, , , , , , , , , , 
103936, , , , 7, 17212933, 0.999956197646675, 7, 17212931, 0.9999560814600614, , , , 1, 17208448, 0.9999926780685023, 1, 17208433, 0.9999918064099907, , , , , , , , , , 
104960, , , , 11, 17212944, 0.9999568366730498, 11, 17212942, 0.9999567204864361, , , , , , , , , , , , , , , , , , , 
105984, , , , 7, 17212951, 0.9999572433261974, 7, 17212949, 0.9999571271395837, , , , , , , , , , , , , , , , , , , 
107008, , , , 5, 17212956, 0.9999575337927313, 5, 17212954, 0.9999574176061178, , , , 4, 17208452, 0.9999929105107721, 4, 17208437, 0.9999920388522605, , , , , , , , , , 
108032, , , , 9, 17212965, 0.9999580566324925, 8, 17212962, 0.9999578823525721, , , , 1, 17208453, 0.9999929686213396, 1, 17208438, 0.999992096962828, , , , , , , , , , 
109056, , , , 7, 17212972, 0.9999584632856401, 7, 17212969, 0.9999582890057197, , , , , , , , , , , , , , , , , , , 
110080, , , , 3, 17212975, 0.9999586375655605, 3, 17212972, 0.9999584632856401, , , , , , , , , , , , , , , , , , , 
111104, , , , 7, 17212982, 0.9999590442187081, 6, 17212978, 0.9999588118454809, , , , 1, 17208454, 0.999993026731907, , , , , , , , , , , , , 
112128, , , , 9, 17212991, 0.9999595670584692, 10, 17212988, 0.9999593927785488, , , , , , , 1, 17208439, 0.9999921550733953, , , , , , , , , , 
113152, , , , 5, 17212996, 0.9999598575250032, 6, 17212994, 0.9999597413383896, , , , , , , , , , , , , , , , , , , 
114176, , , , 8, 17213004, 0.9999603222714576, 8, 17213002, 0.999960206084844, , , , 1, 17208455, 0.9999930848424744, , , , , , , , , , , , , 
115200, , , , 1, 17213005, 0.9999603803647644, 1, 17213003, 0.9999602641781508, , , , 1, 17208456, 0.9999931429530419, 2, 17208441, 0.9999922712945303, , , , , , , , , , 
116224, , , , 4, 17213009, 0.9999606127379915, 3, 17213006, 0.9999604384580711, , , , 2, 17208458, 0.9999932591741768, 3, 17208444, 0.9999924456262326, , , , , , , , , , 
117248, , , , 7, 17213016, 0.9999610193911391, 8, 17213014, 0.9999609032045256, , , , , , , , , , , , , , , , , , , 
118272, , , , 1, 17213017, 0.999961077484446, 1, 17213015, 0.9999609612978324, , , , , , , , , , , , , , , , , , , 
119296, , , , 3, 17213020, 0.9999612517643663, 3, 17213018, 0.9999611355777528, , , , , , , , , , , , , , , , , , , 
120320, , , , 1, 17213021, 0.9999613098576732, 1, 17213019, 0.9999611936710595, , , , 1, 17208459, 0.9999933172847443, 1, 17208445, 0.9999925037368, , , , , , , , , , 
121344, , , , 4, 17213025, 0.9999615422309003, 4, 17213023, 0.9999614260442867, , , , , , , , , , , , , , , , , , , 
122368, , , , 6, 17213031, 0.9999618907907412, 6, 17213029, 0.9999617746041275, , , , 1, 17208460, 0.9999933753953116, 1, 17208446, 0.9999925618473675, , , , , , , , , , 
123392, , , , 6, 17213037, 0.9999622393505819, 5, 17213034, 0.9999620650706615, , , , 1, 17208461, 0.9999934335058791, 1, 17208447, 0.9999926199579349, , , , , , , , , , 
124416, , , , 5, 17213042, 0.9999625298171159, 5, 17213039, 0.9999623555371955, , , , 1, 17208462, 0.9999934916164466, 1, 17208448, 0.9999926780685023, , , , , , , , , , 
125440, , , , 4, 17213046, 0.9999627621903431, 4, 17213043, 0.9999625879104227, , , , 2, 17208464, 0.9999936078375814, 2, 17208450, 0.9999927942896373, , , , , , , , , , 
126464, , , , 4, 17213050, 0.9999629945635703, 4, 17213047, 0.9999628202836499, , , , 1, 17208465, 0.9999936659481489, 1, 17208451, 0.9999928524002046, , , , , , , , , , 
127488, , , , 4, 17213054, 0.9999632269367974, 5, 17213052, 0.9999631107501838, , , , 1, 17208466, 0.9999937240587163, 1, 17208452, 0.9999929105107721, , , , , , , , , , 
128512, , , , 2, 17213056, 0.9999633431234111, 2, 17213054, 0.9999632269367974, , , , 2, 17208468, 0.9999938402798512, 2, 17208454, 0.999993026731907, , , , , , , , , , 
129536, , , , 2, 17213058, 0.9999634593100246, 1, 17213055, 0.9999632850301042, , , , , , , , , , , , , , , , , , , 
130560, , , , 5, 17213063, 0.9999637497765587, 6, 17213061, 0.999963633589945, , , , , , , , , , , , , , , , , , , 
132096, , , , 7, 17213070, 0.9999641564297062, 7, 17213068, 0.9999640402430926, , , , 2, 17208470, 0.9999939565009861, 2, 17208456, 0.9999931429530419, , , , , , , , , , 
134144, , , , 12, 17213082, 0.9999648535493878, 12, 17213080, 0.9999647373627741, , , , , , , , , , , , , , , , , , , 
136192, , , , 11, 17213093, 0.9999654925757625, 10, 17213090, 0.9999653182958421, , , , 2, 17208472, 0.9999940727221209, 2, 17208458, 0.9999932591741768, , , , , , , , , , 
138240, , , , 5, 17213098, 0.9999657830422966, 6, 17213096, 0.9999656668556829, , , , 3, 17208475, 0.9999942470538233, 3, 17208461, 0.9999934335058791, , , , , , , , , , 
140288, , , , 9, 17213107, 0.9999663058820577, 9, 17213105, 0.999966189695444, , , , 2, 17208477, 0.9999943632749582, 1, 17208462, 0.9999934916164466, , , , , , , , , , 
142336, , , , 9, 17213116, 0.9999668287218189, 9, 17213114, 0.9999667125352053, , , , 1, 17208478, 0.9999944213855256, 3, 17208465, 0.9999936659481489, , , , , , , , , , 
144384, , , , 7, 17213123, 0.9999672353749665, 6, 17213120, 0.9999670610950461, , , , 1, 17208479, 0.9999944794960931, 1, 17208466, 0.9999937240587163, , , , , , , , , , 
146432, , , , 5, 17213128, 0.9999675258415004, 6, 17213126, 0.9999674096548868, , , , 2, 17208481, 0.9999945957172279, 2, 17208468, 0.9999938402798512, , , , , , , , , , 
148480, , , , 8, 17213136, 0.9999679905879548, 7, 17213133, 0.9999678163080344, , , , 1, 17208482, 0.9999946538277954, 1, 17208469, 0.9999938983904186, , , , , , , , , , 
150528, , , , 12, 17213148, 0.9999686877076364, 13, 17213146, 0.9999685715210228, , , , 2, 17208484, 0.9999947700489302, 3, 17208472, 0.9999940727221209, , , , , , , , , , 
152576, , , , 1, 17213149, 0.9999687458009432, 1, 17213147, 0.9999686296143295, , , , , , , , , , , , , , , , , , , 
154624, , , , 5, 17213154, 0.9999690362674771, 4, 17213151, 0.9999688619875567, , , , 1, 17208485, 0.9999948281594977, 1, 17208473, 0.9999941308326884, , , , , , , , , , 
156672, , , , 7, 17213161, 0.9999694429206247, 9, 17213160, 0.9999693848273179, , , , 1, 17208486, 0.9999948862700652, 2, 17208475, 0.9999942470538233, , , , , , , , , , 
158720, , , , 7, 17213168, 0.9999698495737723, 7, 17213167, 0.9999697914804655, , , , , , , 1, 17208476, 0.9999943051643907, , , , , , , , , , 
160768, , , , 5, 17213173, 0.9999701400403063, 5, 17213172, 0.9999700819469995, , , , 2, 17208488, 0.9999950024912, 2, 17208478, 0.9999944213855256, , , , , , , , , , 
162816, , , , 4, 17213177, 0.9999703724135335, 4, 17213176, 0.9999703143202266, , , , , , , , , , , , , , , , , , , 
164864, , , , 5, 17213182, 0.9999706628800674, 5, 17213181, 0.9999706047867607, , , , , , , , , , , , , , , , , , , 
166912, , , , 4, 17213186, 0.9999708952532946, 4, 17213185, 0.9999708371599879, , , , , , , , , , , , , , , , , , , 
168960, , , , 4, 17213190, 0.9999711276265218, 4, 17213189, 0.999971069533215, , , , , , , , , , , , , , , , , , , 
171008, , , , 3, 17213193, 0.9999713019064422, 3, 17213192, 0.9999712438131354, , , , , , , , , , , , , , , , , , , 
173056, , , , 8, 17213201, 0.9999717666528967, 8, 17213200, 0.9999717085595898, , , , 1, 17208489, 0.9999950606017675, 1, 17208479, 0.9999944794960931, , , , , , , , , , 
175104, , , , 6, 17213207, 0.9999721152127374, 6, 17213206, 0.9999720571194306, , , , , , , , , , , , , , , , , , , 
177152, , , , 5, 17213212, 0.9999724056792714, 5, 17213211, 0.9999723475859645, , , , 2, 17208491, 0.9999951768229024, 1, 17208480, 0.9999945376066605, , , , , , , , , , 
179200, , , , 4, 17213216, 0.9999726380524986, 4, 17213215, 0.9999725799591918, , , , , , , 1, 17208481, 0.9999945957172279, , , , , , , , , , 
181248, , , , 4, 17213220, 0.9999728704257258, 4, 17213219, 0.999972812332419, , , , , , , , , , , , , , , , , , , 
183296, , , , 1, 17213221, 0.9999729285190325, 1, 17213220, 0.9999728704257258, , , , 1, 17208492, 0.9999952349334698, 1, 17208482, 0.9999946538277954, , , , , , , , , , 
185344, , , , 3, 17213224, 0.9999731027989529, 3, 17213223, 0.9999730447056462, , , , 1, 17208493, 0.9999952930440372, 1, 17208483, 0.9999947119383629, , , , , , , , , , 
187392, , , , 2, 17213226, 0.9999732189855666, 2, 17213225, 0.9999731608922597, , , , , , , , , , , , , , , , , , , 
189440, , , , 5, 17213231, 0.9999735094521005, 5, 17213230, 0.9999734513587938, , , , , , , , , , , , , , , , , , , 
191488, , , , 5, 17213236, 0.9999737999186346, 5, 17213235, 0.9999737418253277, , , , 1, 17208494, 0.9999953511546047, 1, 17208484, 0.9999947700489302, , , , , , , , , , 
193536, , , , 4, 17213240, 0.9999740322918617, 4, 17213239, 0.9999739741985549, , , , , , , , , , , , , , , , , , , 
197632, , , , 3, 17213243, 0.999974206571782, 3, 17213242, 0.9999741484784753, , , , , , , , , , , , , , , , , , , 
199680, , , , 1, 17213244, 0.9999742646650889, 1, 17213243, 0.999974206571782, , , , , , , , , , , , , , , , , , , 
201728, , , , 3, 17213247, 0.9999744389450093, 3, 17213246, 0.9999743808517025, , , , , , , , , , , , , , , , , , , 
205824, , , , 2, 17213249, 0.9999745551316229, 2, 17213248, 0.9999744970383161, , , , , , , , , , , , , , , , , , , 
207872, , , , 3, 17213252, 0.9999747294115433, 3, 17213251, 0.9999746713182365, , , , 1, 17208495, 0.9999954092651722, 1, 17208485, 0.9999948281594977, , , , , , , , , , 
209920, , , , 1, 17213253, 0.99997478750485, 1, 17213252, 0.9999747294115433, , , , 1, 17208496, 0.9999954673757395, 1, 17208486, 0.9999948862700652, , , , , , , , , , 
211968, , , , 7, 17213260, 0.9999751941579976, 7, 17213259, 0.9999751360646908, , , , 2, 17208498, 0.9999955835968745, 1, 17208487, 0.9999949443806326, , , , , , , , , , 
214016, , , , 2, 17213262, 0.9999753103446113, 3, 17213262, 0.9999753103446113, , , , 2, 17208500, 0.9999956998180093, 3, 17208490, 0.9999951187123349, , , , , , , , , , 
216064, , , , 2, 17213264, 0.9999754265312248, 2, 17213264, 0.9999754265312248, , , , , , , , , , , , , , , , , , , 
218112, , , , 2, 17213266, 0.9999755427178384, 2, 17213266, 0.9999755427178384, , , , , , , , , , , , , , , , , , , 
220160, , , , 4, 17213270, 0.9999757750910656, 4, 17213270, 0.9999757750910656, , , , 1, 17208501, 0.9999957579285768, 1, 17208491, 0.9999951768229024, , , , , , , , , , 
222208, , , , 3, 17213273, 0.999975949370986, 3, 17213273, 0.999975949370986, , , , 2, 17208503, 0.9999958741497117, 1, 17208492, 0.9999952349334698, , , , , , , , , , 
224256, , , , 2, 17213275, 0.9999760655575995, 2, 17213275, 0.9999760655575995, , , , , , , 1, 17208493, 0.9999952930440372, , , , , , , , , , 
226304, , , , 4, 17213279, 0.9999762979308268, 4, 17213279, 0.9999762979308268, , , , 1, 17208504, 0.999995932260279, 1, 17208494, 0.9999953511546047, , , , , , , , , , 
228352, , , , 6, 17213285, 0.9999766464906675, 6, 17213285, 0.9999766464906675, , , , 2, 17208506, 0.999996048481414, 3, 17208497, 0.999995525486307, , , , , , , , , , 
230400, , , , , , , , , , , , , 6, 17208512, 0.9999963971448186, 6, 17208503, 0.9999958741497117, , , , , , , , , , 
232448, , , , 4, 17213289, 0.9999768788638947, 4, 17213289, 0.9999768788638947, , , , 1, 17208513, 0.999996455255386, 1, 17208504, 0.999995932260279, , , , , , , , , , 
234496, , , , 5, 17213294, 0.9999771693304288, 5, 17213294, 0.9999771693304288, , , , 1, 17208514, 0.9999965133659535, 1, 17208505, 0.9999959903708465, , , , , , , , , , 
236544, , , , 8, 17213302, 0.9999776340768831, 7, 17213301, 0.9999775759835763, , , , 1, 17208515, 0.999996571476521, 2, 17208507, 0.9999961065919815, , , , , , , , , , 
238592, , , , 7, 17213309, 0.9999780407300307, 8, 17213309, 0.9999780407300307, , , , 1, 17208516, 0.9999966295870883, 1, 17208508, 0.9999961647025488, , , , , , , , , , 
240640, , , , 3, 17213312, 0.9999782150099511, 2, 17213311, 0.9999781569166443, , , , 1, 17208517, 0.9999966876976558, 1, 17208509, 0.9999962228131163, , , , , , , , , , 
242688, , , , 5, 17213317, 0.999978505476485, 6, 17213317, 0.999978505476485, , , , , , , , , , , , , , , , , , , 
244736, , , , 5, 17213322, 0.9999787959430191, 3, 17213320, 0.9999786797564054, , , , 1, 17208518, 0.9999967458082233, 1, 17208510, 0.9999962809236838, , , , , , , , , , 
246784, , , , 8, 17213330, 0.9999792606894734, 10, 17213330, 0.9999792606894734, , , , , , , , , , , , , , , , , , , 
248832, , , , 9, 17213339, 0.9999797835292347, 9, 17213339, 0.9999797835292347, , , , , , , , , , , , , , , , , , , 
252928, , , , 3, 17213342, 0.999979957809155, 3, 17213342, 0.999979957809155, , , , , , , , , , , , , , , , , , , 
257024, , , , 4, 17213346, 0.9999801901823822, 4, 17213346, 0.9999801901823822, , , , , , , , , , , , , , , , , , , 
259072, , , , 5, 17213351, 0.9999804806489162, 5, 17213351, 0.9999804806489162, , , , , , , , , , , , , , , , , , , 
261120, , , , 2, 17213353, 0.9999805968355298, 2, 17213353, 0.9999805968355298, , , , , , , , , , , , , , , , , , , 
264192, , , , 11, 17213364, 0.9999812358619046, 11, 17213364, 0.9999812358619046, , , , , , , , , , , , , , , , , , , 
268288, , , , 5, 17213369, 0.9999815263284385, 4, 17213368, 0.9999814682351317, , , , , , , 1, 17208511, 0.9999963390342512, , , , , , , , , , 
272384, , , , 3, 17213372, 0.9999817006083589, 4, 17213372, 0.9999817006083589, , , , , , , , , , , , , , , , , , , 
276480, , , , 1, 17213373, 0.9999817587016657, 1, 17213373, 0.9999817587016657, , , , , , , , , , , , , , , , , , , 
280576, , , , 3, 17213376, 0.9999819329815861, 3, 17213376, 0.9999819329815861, , , , , , , 1, 17208512, 0.9999963971448186, , , , , , , , , , 
288768, , , , 2, 17213378, 0.9999820491681997, 2, 17213378, 0.9999820491681997, , , , , , , , , , , , , , , , , , , 
292864, , , , 1, 17213379, 0.9999821072615065, 1, 17213379, 0.9999821072615065, , , , , , , , , , , , , , , , , , , 
296960, , , , 5, 17213384, 0.9999823977280404, 5, 17213384, 0.9999823977280404, , , , , , , , , , , , , , , , , , , 
301056, , , , , , , , , , , , , 1, 17208519, 0.9999968039187908, 1, 17208513, 0.999996455255386, , , , , , , , , , 
305152, , , , 1, 17213385, 0.9999824558213473, 1, 17213385, 0.9999824558213473, , , , 1, 17208520, 0.9999968620293581, 1, 17208514, 0.9999965133659535, , , , , , , , , , 
309248, , , , 4, 17213389, 0.9999826881945745, 4, 17213389, 0.9999826881945745, , , , , , , , , , , , , , , , , , , 
313344, , , , 6, 17213395, 0.9999830367544152, 6, 17213395, 0.9999830367544152, , , , , , , , , , , , , , , , , , , 
317440, , , , 2, 17213397, 0.9999831529410288, 2, 17213397, 0.9999831529410288, , , , , , , , , , , , , , , , , , , 
321536, , , , 5, 17213402, 0.9999834434075628, 5, 17213402, 0.9999834434075628, , , , , , , , , , , , , , , , , , , 
325632, , , , 2, 17213404, 0.9999835595941764, 2, 17213404, 0.9999835595941764, , , , , , , , , , , , , , , , , , , 
329728, , , , 6, 17213410, 0.9999839081540172, 6, 17213410, 0.9999839081540172, , , , 1, 17208521, 0.9999969201399256, 1, 17208515, 0.999996571476521, , , , , , , , , , 
333824, , , , 3, 17213413, 0.9999840824339375, 3, 17213413, 0.9999840824339375, , , , 1, 17208522, 0.999996978250493, 1, 17208516, 0.9999966295870883, , , , , , , , , , 
337920, , , , 1, 17213414, 0.9999841405272444, 1, 17213414, 0.9999841405272444, , , , , , , , , , , , , , , , , , , 
342016, , , , 3, 17213417, 0.9999843148071648, 3, 17213417, 0.9999843148071648, , , , 1, 17208523, 0.9999970363610605, 1, 17208517, 0.9999966876976558, , , , , , , , , , 
346112, , , , 3, 17213420, 0.9999844890870851, 3, 17213420, 0.9999844890870851, , , , 1, 17208524, 0.9999970944716279, 1, 17208518, 0.9999967458082233, , , , , , , , , , 
350208, , , , 3, 17213423, 0.9999846633670055, 3, 17213423, 0.9999846633670055, , , , , , , , , , , , , , , , , , , 
354304, , , , 6, 17213429, 0.9999850119268463, 6, 17213429, 0.9999850119268463, , , , , , , , , , , , , , , , , , , 
358400, , , , 1, 17213430, 0.9999850700201531, 1, 17213430, 0.9999850700201531, , , , , , , , , , , , , , , , , , , 
362496, , , , 1, 17213431, 0.99998512811346, 1, 17213431, 0.99998512811346, , , , 1, 17208525, 0.9999971525821953, 1, 17208519, 0.9999968039187908, , , , , , , , , , 
370688, , , , 3, 17213434, 0.9999853023933803, 3, 17213434, 0.9999853023933803, , , , , , , , , , , , , , , , , , , 
378880, , , , 1, 17213435, 0.9999853604866872, 1, 17213435, 0.9999853604866872, , , , , , , , , , , , , , , , , , , 
382976, , , , 2, 17213437, 0.9999854766733007, 2, 17213437, 0.9999854766733007, , , , , , , , , , , , , , , , , , , 
387072, , , , 2, 17213439, 0.9999855928599143, 2, 17213439, 0.9999855928599143, , , , , , , , , , , , , , , , , , , 
391168, , , , 2, 17213441, 0.999985709046528, 1, 17213440, 0.9999856509532211, , , , , , , , , , , , , , , , , , , 
395264, , , , 2, 17213443, 0.9999858252331415, 3, 17213443, 0.9999858252331415, , , , , , , , , , , , , , , , , , , 
399360, , , , 1, 17213444, 0.9999858833264483, 1, 17213444, 0.9999858833264483, , , , 1, 17208526, 0.9999972106927628, 1, 17208520, 0.9999968620293581, , , , , , , , , , 
403456, , , , 1, 17213445, 0.999985941419755, 1, 17213445, 0.999985941419755, , , , , , , , , , , , , , , , , , , 
407552, , , , 3, 17213448, 0.9999861156996755, 3, 17213448, 0.9999861156996755, , , , , , , , , , , , , , , , , , , 
411648, , , , 1, 17213449, 0.9999861737929823, 1, 17213449, 0.9999861737929823, , , , 1, 17208527, 0.9999972688033303, 1, 17208521, 0.9999969201399256, , , , , , , , , , 
415744, , , , 1, 17213450, 0.9999862318862891, 1, 17213450, 0.9999862318862891, , , , 2, 17208529, 0.9999973850244651, 2, 17208523, 0.9999970363610605, , , , , , , , , , 
419840, , , , 6, 17213456, 0.9999865804461299, 6, 17213456, 0.9999865804461299, , , , 1, 17208530, 0.9999974431350326, 1, 17208524, 0.9999970944716279, , , , , , , , , , 
423936, , , , 3, 17213459, 0.9999867547260503, 3, 17213459, 0.9999867547260503, , , , 2, 17208532, 0.9999975593561674, 2, 17208526, 0.9999972106927628, , , , , , , , , , 
428032, , , , 5, 17213464, 0.9999870451925843, 5, 17213464, 0.9999870451925843, , , , , , , 1, 17208527, 0.9999972688033303, , , , , , , , , , 
432128, , , , 6, 17213470, 0.9999873937524251, 6, 17213470, 0.9999873937524251, , , , 2, 17208534, 0.9999976755773023, 2, 17208529, 0.9999973850244651, , , , , , , , , , 
436224, , , , 7, 17213477, 0.9999878004055726, 7, 17213477, 0.9999878004055726, , , , , , , , , , , , , , , , , , , 
440320, , , , 3, 17213480, 0.999987974685493, 3, 17213480, 0.999987974685493, , , , 1, 17208535, 0.9999977336878698, 1, 17208530, 0.9999974431350326, , , , , , , , , , 
444416, , , , 1, 17213481, 0.9999880327787998, 1, 17213481, 0.9999880327787998, , , , 1, 17208536, 0.9999977917984372, 1, 17208531, 0.9999975012456, , , , , , , , , , 
448512, , , , 1, 17213482, 0.9999880908721066, 1, 17213482, 0.9999880908721066, , , , , , , , , , , , , , , , , , , 
452608, , , , 3, 17213485, 0.999988265152027, 3, 17213485, 0.999988265152027, , , , , , , , , , , , , , , , , , , 
473088, , , , 2, 17213487, 0.9999883813386405, 2, 17213487, 0.9999883813386405, , , , , , , , , , , , , , , , , , , 
489472, , , , 2, 17213489, 0.9999884975252542, 2, 17213489, 0.9999884975252542, , , , , , , , , , , , , , , , , , , 
501760, , , , 1, 17213490, 0.9999885556185609, 1, 17213490, 0.9999885556185609, , , , , , , , , , , , , , , , , , , 
509952, , , , 1, 17213491, 0.9999886137118678, 1, 17213491, 0.9999886137118678, , , , , , , , , , , , , , , , , , , 
528384, , , , 1, 17213492, 0.9999886718051746, 1, 17213492, 0.9999886718051746, , , , , , , , , , , , , , , , , , , 
544768, , , , 2, 17213494, 0.9999887879917881, 2, 17213494, 0.9999887879917881, , , , 1, 17208537, 0.9999978499090046, 1, 17208532, 0.9999975593561674, , , , , , , , , , 
552960, , , , 1, 17213495, 0.999988846085095, 1, 17213495, 0.999988846085095, , , , 1, 17208538, 0.9999979080195721, 1, 17208533, 0.9999976174667349, , , , , , , , , , 
561152, , , , 2, 17213497, 0.9999889622717085, 2, 17213497, 0.9999889622717085, , , , , , , , , , , , , , , , , , , 
569344, , , , 2, 17213499, 0.9999890784583222, 2, 17213499, 0.9999890784583222, , , , , , , , , , , , , , , , , , , 
585728, , , , 2, 17213501, 0.9999891946449357, 2, 17213501, 0.9999891946449357, , , , , , , , , , , , , , , , , , , 
593920, , , , 1, 17213502, 0.9999892527382426, 1, 17213502, 0.9999892527382426, , , , , , , , , , , , , , , , , , , 
602112, , , , 3, 17213505, 0.999989427018163, 3, 17213505, 0.999989427018163, , , , , , , , , , , , , , , , , , , 
610304, , , , 3, 17213508, 0.9999896012980833, 3, 17213508, 0.9999896012980833, , , , , , , , , , , , , , , , , , , 
618496, , , , 5, 17213513, 0.9999898917646173, 5, 17213513, 0.9999898917646173, , , , , , , , , , , , , , , , , , , 
626688, , , , 3, 17213516, 0.9999900660445377, 3, 17213516, 0.9999900660445377, , , , 1, 17208539, 0.9999979661301396, 1, 17208534, 0.9999976755773023, , , , , , , , , , 
634880, , , , 3, 17213519, 0.999990240324458, 3, 17213519, 0.999990240324458, , , , , , , , , , , , , , , , , , , 
643072, , , , 1, 17213520, 0.9999902984177649, 1, 17213520, 0.9999902984177649, , , , , , , , , , , , , , , , , , , 
651264, , , , 4, 17213524, 0.9999905307909921, 4, 17213524, 0.9999905307909921, , , , 1, 17208540, 0.9999980242407069, 1, 17208535, 0.9999977336878698, , , , , , , , , , 
659456, , , , 2, 17213526, 0.9999906469776056, 2, 17213526, 0.9999906469776056, , , , , , , , , , , , , , , , , , , 
667648, , , , 3, 17213529, 0.999990821257526, 3, 17213529, 0.999990821257526, , , , , , , , , , , , , , , , , , , 
675840, , , , , , , , , , , , , 1, 17208541, 0.9999980823512744, 1, 17208536, 0.9999977917984372, , , , , , , , , , 
684032, , , , 1, 17213530, 0.9999908793508329, 1, 17213530, 0.9999908793508329, , , , , , , , , , , , , , , , , , , 
692224, , , , 1, 17213531, 0.9999909374441397, 1, 17213531, 0.9999909374441397, , , , , , , , , , , , , , , , , , , 
700416, , , , 2, 17213533, 0.9999910536307532, 2, 17213533, 0.9999910536307532, , , , 2, 17208543, 0.9999981985724093, 2, 17208538, 0.9999979080195721, , , , , , , , , , 
708608, , , , 2, 17213535, 0.9999911698173668, 2, 17213535, 0.9999911698173668, , , , 1, 17208544, 0.9999982566829767, 1, 17208539, 0.9999979661301396, , , , , , , , , , 
716800, , , , 3, 17213538, 0.9999913440972872, 3, 17213538, 0.9999913440972872, , , , 2, 17208546, 0.9999983729041116, 2, 17208541, 0.9999980823512744, , , , , , , , , , 
724992, , , , 5, 17213543, 0.9999916345638212, 5, 17213543, 0.9999916345638212, , , , , , , , , , , , , , , , , , , 
733184, , , , 5, 17213548, 0.9999919250303552, 5, 17213548, 0.9999919250303552, , , , , , , , , , , , , , , , , , , 
741376, , , , 2, 17213550, 0.9999920412169688, 2, 17213550, 0.9999920412169688, , , , , , , , , , , , , , , , , , , 
749568, , , , , , , , , , , , , 1, 17208547, 0.9999984310146791, 1, 17208542, 0.9999981404618419, , , , , , , , , , 
757760, , , , 2, 17213552, 0.9999921574035824, 2, 17213552, 0.9999921574035824, , , , , , , , , , , , , , , , , , , 
765952, , , , 2, 17213554, 0.9999922735901959, 2, 17213554, 0.9999922735901959, , , , , , , , , , , , , , , , , , , 
790528, , , , 1, 17213555, 0.9999923316835028, 1, 17213555, 0.9999923316835028, , , , , , , , , , , , , , , , , , , 
798720, , , , 5, 17213560, 0.9999926221500368, 5, 17213560, 0.9999926221500368, , , , 1, 17208548, 0.9999984891252465, 1, 17208543, 0.9999981985724093, , , , , , , , , , 
806912, , , , 3, 17213563, 0.9999927964299572, 3, 17213563, 0.9999927964299572, , , , 1, 17208549, 0.9999985472358139, 1, 17208544, 0.9999982566829767, , , , , , , , , , 
815104, , , , 4, 17213567, 0.9999930288031843, 4, 17213567, 0.9999930288031843, , , , , , , 1, 17208545, 0.9999983147935442, , , , , , , , , , 
823296, , , , 1, 17213568, 0.9999930868964911, 1, 17213568, 0.9999930868964911, , , , 1, 17208550, 0.9999986053463814, 1, 17208546, 0.9999983729041116, , , , , , , , , , 
831488, , , , 1, 17213569, 0.999993144989798, 1, 17213569, 0.999993144989798, , , , , , , , , , , , , , , , , , , 
839680, , , , 1, 17213570, 0.9999932030831047, 1, 17213570, 0.9999932030831047, , , , , , , , , , , , , , , , , , , 
847872, , , , 1, 17213571, 0.9999932611764115, 1, 17213571, 0.9999932611764115, , , , 1, 17208551, 0.9999986634569489, 1, 17208547, 0.9999984310146791, , , , , , , , , , 
856064, , , , 2, 17213573, 0.9999933773630252, 2, 17213573, 0.9999933773630252, , , , , , , , , , , , , , , , , , , 
864256, , , , 1, 17213574, 0.9999934354563319, 1, 17213574, 0.9999934354563319, , , , 1, 17208552, 0.9999987215675162, 1, 17208548, 0.9999984891252465, , , , , , , , , , 
872448, , , , 3, 17213577, 0.9999936097362523, 3, 17213577, 0.9999936097362523, , , , , , , , , , , , , , , , , , , 
880640, , , , 2, 17213579, 0.999993725922866, 2, 17213579, 0.999993725922866, , , , 1, 17208553, 0.9999987796780837, 1, 17208549, 0.9999985472358139, , , , , , , , , , 
888832, , , , 3, 17213582, 0.9999939002027863, 3, 17213582, 0.9999939002027863, , , , 1, 17208554, 0.9999988377886512, 1, 17208550, 0.9999986053463814, , , , , , , , , , 
897024, , , , 1, 17213583, 0.999993958296093, 1, 17213583, 0.999993958296093, , , , , , , , , , , , , , , , , , , 
905216, , , , 2, 17213585, 0.9999940744827067, 2, 17213585, 0.9999940744827067, , , , , , , , , , , , , , , , , , , 
913408, , , , 3, 17213588, 0.9999942487626271, 3, 17213588, 0.9999942487626271, , , , 1, 17208555, 0.9999988958992186, 1, 17208551, 0.9999986634569489, , , , , , , , , , 
929792, , , , 4, 17213592, 0.9999944811358543, 4, 17213592, 0.9999944811358543, , , , 1, 17208556, 0.999998954009786, 1, 17208552, 0.9999987215675162, , , , , , , , , , 
937984, , , , 3, 17213595, 0.9999946554157747, 3, 17213595, 0.9999946554157747, , , , , , , 1, 17208553, 0.9999987796780837, , , , , , , , , , 
946176, , , , 6, 17213601, 0.9999950039756155, 6, 17213601, 0.9999950039756155, , , , 1, 17208557, 0.9999990121203535, 1, 17208554, 0.9999988377886512, , , , , , , , , , 
954368, , , , 2, 17213603, 0.999995120162229, 2, 17213603, 0.999995120162229, , , , 1, 17208558, 0.9999990702309209, 1, 17208555, 0.9999988958992186, , , , , , , , , , 
962560, , , , 3, 17213606, 0.9999952944421494, 3, 17213606, 0.9999952944421494, , , , 1, 17208559, 0.9999991283414884, 2, 17208557, 0.9999990121203535, , , , , , , , , , 
970752, , , , 5, 17213611, 0.9999955849086835, 5, 17213611, 0.9999955849086835, , , , 3, 17208562, 0.9999993026731907, 4, 17208561, 0.9999992445626232, , , , , , , , , , 
978944, , , , 6, 17213617, 0.9999959334685242, 6, 17213617, 0.9999959334685242, , , , 2, 17208564, 0.9999994188943255, 2, 17208563, 0.9999993607837582, , , , , , , , , , 
987136, , , , 5, 17213622, 0.9999962239350582, 5, 17213622, 0.9999962239350582, , , , , , , , , , , , , , , , , , , 
995328, , , , 9, 17213631, 0.9999967467748193, 9, 17213631, 0.9999967467748193, , , , 1, 17208565, 0.999999477004893, 1, 17208564, 0.9999994188943255, , , , , , , , , , 
1003520, , , , 6, 17213637, 0.9999970953346602, 6, 17213637, 0.9999970953346602, , , , 1, 17208566, 0.9999995351154605, 1, 17208565, 0.999999477004893, , , , , , , , , , 
1011712, , , , 2, 17213639, 0.9999972115212737, 2, 17213639, 0.9999972115212737, , , , , , , , , , , , , , , , , , , 
1019904, , , , 4, 17213643, 0.999997443894501, 4, 17213643, 0.999997443894501, , , , , , , , , , , , , , , , , , , 
1028096, , , , 1, 17213644, 0.9999975019878077, 1, 17213644, 0.9999975019878077, , , , , , , , , , , , , , , , , , , 
1056768, , , , 1, 17213645, 0.9999975600811145, 1, 17213645, 0.9999975600811145, , , , , , , , , , , , , , , , , , , 
1073152, , , , 1, 17213646, 0.9999976181744213, 1, 17213646, 0.9999976181744213, , , , 1, 17208567, 0.9999995932260279, 1, 17208566, 0.9999995351154605, , , , , , , , , , 
1089536, , , , 2, 17213648, 0.9999977343610349, 2, 17213648, 0.9999977343610349, , , , , , , , , , , , , , , , , , , 
1105920, , , , 1, 17213649, 0.9999977924543417, 1, 17213649, 0.9999977924543417, , , , , , , , , , , , , , , , , , , 
1122304, , , , 2, 17213651, 0.9999979086409553, 2, 17213651, 0.9999979086409553, , , , , , , , , , , , , , , , , , , 
1138688, , , , 1, 17213652, 0.9999979667342621, 1, 17213652, 0.9999979667342621, , , , , , , , , , , , , , , , , , , 
1155072, , , , 1, 17213653, 0.9999980248275689, 1, 17213653, 0.9999980248275689, , , , , , , , , , , , , , , , , , , 
1187840, , , , 1, 17213654, 0.9999980829208757, 1, 17213654, 0.9999980829208757, , , , , , , , , , , , , , , , , , , 
1220608, , , , 2, 17213656, 0.9999981991074893, 2, 17213656, 0.9999981991074893, , , , 1, 17208568, 0.9999996513365953, 1, 17208567, 0.9999995932260279, , , , , , , , , , 
1286144, , , , 1, 17213657, 0.999998257200796, 1, 17213657, 0.999998257200796, , , , , , , , , , , , , , , , , , , 
1335296, , , , 1, 17213658, 0.9999983152941029, 1, 17213658, 0.9999983152941029, , , , , , , , , , , , , , , , , , , 
1368064, , , , 1, 17213659, 0.9999983733874097, 1, 17213659, 0.9999983733874097, , , , 1, 17208569, 0.9999997094471628, 1, 17208568, 0.9999996513365953, , , , , , , , , , 
1433600, , , , , , , , , , , , , 1, 17208570, 0.9999997675577302, 1, 17208569, 0.9999997094471628, , , , , , , , , , 
1499136, , , , 1, 17213660, 0.9999984314807164, 1, 17213660, 0.9999984314807164, , , , , , , , , , , , , , , , , , , 
1515520, , , , 1, 17213661, 0.9999984895740233, 1, 17213661, 0.9999984895740233, , , , , , , , , , , , , , , , , , , 
1531904, , , , 1, 17213662, 0.9999985476673301, 1, 17213662, 0.9999985476673301, , , , 1, 17208571, 0.9999998256682977, 1, 17208570, 0.9999997675577302, , , , , , , , , , 
1581056, , , , 1, 17213663, 0.9999986057606368, 1, 17213663, 0.9999986057606368, , , , , , , , , , , , , , , , , , , 
1646592, , , , 1, 17213664, 0.9999986638539436, 1, 17213664, 0.9999986638539436, , , , , , , , , , , , , , , , , , , 
1695744, , , , 1, 17213665, 0.9999987219472505, 1, 17213665, 0.9999987219472505, , , , 1, 17208572, 0.9999998837788651, 1, 17208571, 0.9999998256682977, , , , , , , , , , 
1712128, , , , 1, 17213666, 0.9999987800405573, 1, 17213666, 0.9999987800405573, , , , , , , , , , , , , , , , , , , 
1728512, , , , 1, 17213667, 0.999998838133864, 1, 17213667, 0.999998838133864, , , , , , , , , , , , , , , , , , , 
1777664, , , , 1, 17213668, 0.9999988962271709, 1, 17213668, 0.9999988962271709, , , , , , , , , , , , , , , , , , , 
1974272, , , , 1, 17213669, 0.9999989543204777, 1, 17213669, 0.9999989543204777, , , , , , , , , , , , , , , , , , , 
2056192, , , , 1, 17213670, 0.9999990124137844, 1, 17213670, 0.9999990124137844, , , , , , , , , , , , , , , , , , , 
2072576, , , , 1, 17213671, 0.9999990705070912, 1, 17213671, 0.9999990705070912, , , , , , , , , , , , , , , , , , , 
2113536, , , , 1, 17213672, 0.9999991286003981, 1, 17213672, 0.9999991286003981, , , , , , , , , , , , , , , , , , , 
2342912, , , , 1, 17213673, 0.9999991866937048, 1, 17213673, 0.9999991866937048, , , , , , , , , , , , , , , , , , , 
2899968, , , , 1, 17213674, 0.9999992447870116, 1, 17213674, 0.9999992447870116, , , , , , , , , , , , , , , , , , , 
2932736, , , , 2, 17213676, 0.9999993609736252, 2, 17213676, 0.9999993609736252, , , , , , , , , , , , , , , , , , , 
2965504, , , , , , , , , , , , , , , , 1, 17208572, 0.9999998837788651, , , , , , , , , , 
3063808, , , , 2, 17213678, 0.9999994771602388, 2, 17213678, 0.9999994771602388, , , , , , , , , , , , , , , , , , , 
3096576, , , , 2, 17213680, 0.9999995933468524, 2, 17213680, 0.9999995933468524, , , , 1, 17208573, 0.9999999418894325, 1, 17208573, 0.9999999418894325, , , , , , , , , , 
3129344, , , , 1, 17213681, 0.9999996514401592, 1, 17213681, 0.9999996514401592, , , , , , , , , , , , , , , , , , , 
3162112, , , , 1, 17213682, 0.9999997095334661, , , , , , , , , , , , , , , , , , , , , , 
3194880, , , , , , , 1, 17213682, 0.9999997095334661, , , , , , , , , , , , , , , , , , , 
4816896, , , , 4, 17213686, 0.9999999419066932, 4, 17213686, 0.9999999419066932, , , , 1, 17208574, 1.0, 1, 17208574, 1.0, , , , , , , , , , 
4882432, , , , 1, 17213687, 1.0, 1, 17213687, 1.0, , , , , , , , , , , , , , , , , , , 
